event	E	sd	signal/noise	char_func_max
CMTSOLUTION_200801011855A	0.941682437008	0.0275789126952	637.305753198	0.970546669193
CMTSOLUTION_200801040729A	0.733801796564	0.0108885120351	131.683395154	0.944182010355
CMTSOLUTION_200801051101A	0.811135445448	0.0635730120089	1818.57876574	0.974252715538
CMTSOLUTION_200801051144A	0.805643009177	0.0608070296687	137.868676503	0.944301739072
CMTSOLUTION_200801060514A	1.20738789009	0.105286011207	433.342071836	0.950871266579
CMTSOLUTION_200801090826A	0.612030913763	0.0977716229879	2995.58734231	0.875903463392
CMTSOLUTION_200801091440A	0.945128158676	0.0325953856198	475.645461237	0.937643532113
CMTSOLUTION_200801100137A	0.900425082041	0.0255787006843	1019.25063076	0.94317268209
CMTSOLUTION_200801202026A	2.11425644707	0.153410703297	47.6745236159	0.980759907824
CMTSOLUTION_200801221714A	0.914914416579	0.0504660532	214.518725133	0.783189040849
CMTSOLUTION_200801300732A	0.538292531083	0.0855855367871	137.786443089	0.651443585332
CMTSOLUTION_200802041701A	0.824222428884	0.0133280514365	352.610415952	0.988740377438
CMTSOLUTION_200802080938A	0.95451690252	0.068853139561	11070.6807631	0.970583510416
CMTSOLUTION_200802091833A	1.16714837954	0.0827132701183	229.755306483	0.962331239701
CMTSOLUTION_200802101222A	1.19583449395	0.00524167226006	1188.89158439	0.88461309759
CMTSOLUTION_200802121250A	0.996430677258	0.0446008104418	1577.17116094	0.968450078536
CMTSOLUTION_200802131958A	1.54350443452	0.125931968714	305.599261916	0.961423716
CMTSOLUTION_200802141009A	0.789773647923	0.165954819178	7207.95409591	0.849497683817
CMTSOLUTION_200802141208A	1.13491368807	0.250822863894	25.2420296485	0.652039449156
CMTSOLUTION_200802161445A	0.97738109587	0.0962949896789	117.748157808	0.905547461194
CMTSOLUTION_200802200808A	1.01543221156	0.0314465776292	7081.41046028	0.628798201454
CMTSOLUTION_200802201827A	0.881707731681	0.0470131750426	4488.48815028	0.97982056089
CMTSOLUTION_200802210246A	0.991195782499	0.0823493176559	1715.84764364	0.988357695338
CMTSOLUTION_200802211416A	0.982320501241	0.120972577347	350.239742065	0.96845234434
CMTSOLUTION_200802231557A	1.28174874816	0.0485845638153	161.647750162	0.931554070692
CMTSOLUTION_200802241446A	0.753003319904	0.0245548274862	274.980688981	0.983388387621
CMTSOLUTION_200802250836A	0.535617582742	0.0208751793669	3208.08542905	0.969113963838
CMTSOLUTION_200802251806A	0.736205504596	0.03625972373	581.244923029	0.977645555055
CMTSOLUTION_200802252102A	0.725575702799	0.0443432156774	50.3950162648	0.925503179419
CMTSOLUTION_200802270654A	1.86125703534	0.358122382832	140.258539343	0.775772379038
CMTSOLUTION_200803030237A	0.641218056097	0.047630547699	130.365684379	0.878974933051
CMTSOLUTION_200803030931A	1.17811492773	0.0659582580933	1443.09501806	0.929405981645
CMTSOLUTION_200803031349A	1.21833807059	0.0137713394921	439.20996908	0.697275323355
CMTSOLUTION_200803031411A	NOT FOUND	NOT FOUND	540.050757785	0.499307714503
CMTSOLUTION_200803131328A	1.03995332549	0.0817401115527	177.786901447	0.876460219063
CMTSOLUTION_200803142232A	1.81652976928	0.348011032109	242.60039399	0.742746438038
CMTSOLUTION_200803151443A	1.82819711104	0.162750155465	88.5815632399	0.952260537925
CMTSOLUTION_200803201410A	0.843799784701	0.0811657789328	212.65734862	0.95197182328
CMTSOLUTION_200803202233A	0.831709131013	0.125998000087	50986.8707121	0.737235571134
CMTSOLUTION_200803222124A	0.910584984422	0.106119561747	96.6187833918	0.98149017393
CMTSOLUTION_200803242039A	0.799038021091	0.0176028632019	158.213480298	0.998550622312
CMTSOLUTION_200803291730A	1.85710198645	0.270212039402	658.093469427	0.932313630587
CMTSOLUTION_200804140945A	0.855393502975	0.020025700096	167.542860655	0.971643735768
CMTSOLUTION_200804150303A	0.937422941823	0.0810202453726	439.652319688	0.930807319395
CMTSOLUTION_200804152259A	1.07763306589	0.0759298598436	3054.18316142	0.977670626477
CMTSOLUTION_200804160554A	1.09009674006	0.0319609745	1771.7796077	0.97738114652
CMTSOLUTION_200804190312A	0.78619817646	0.101798021787	128.814462792	0.836214172122
CMTSOLUTION_200804231828A	1.82025848798	0.0731803542593	254.751292337	0.714299763098
CMTSOLUTION_200804241214A	0.801908682018	0.0649216307772	656.68381929	0.989332937513
CMTSOLUTION_200804281557A	3.23359383708	0.787632196767	79.8878740807	-0.690537796821
CMTSOLUTION_200805020133A	1.1946865117	0.098035787146	4452.9746465	0.989757282928
CMTSOLUTION_200805071602A	0.801081298595	0.123392724108	5942.62940009	0.947130797674
CMTSOLUTION_200805071616A	0.785742321028	0.112209121954	5524.14125984	0.94296013998
CMTSOLUTION_200805071645A	0.786182351948	0.124649960091	446.330592679	0.949889261763
CMTSOLUTION_200805092151A	1.39903409426	0.0587960252597	2154.02487198	0.917814227642
CMTSOLUTION_200805121111A	0.941367327931	0.0333430035068	17.8717807298	0.990239106766
CMTSOLUTION_200805191426A	0.707086046347	0.187227406815	148.652675801	0.639198412891
CMTSOLUTION_200805201353A	0.94323920739	0.0752591741778	395.822063493	0.942634832134
CMTSOLUTION_200805231935A	0.867219529999	0.0280427859105	8607.41454068	0.987386055212
CMTSOLUTION_200805250821A	0.784566653783	0.203226331234	1622.26769472	0.954537367927
CMTSOLUTION_200805291546A	0.923895635626	0.041350038304	6502.45100944	0.984974690382
CMTSOLUTION_200805310437A	0.746323225025	0.021171596467	648.220144509	0.858109992055
CMTSOLUTION_200806010157A	1.29276415437	0.0273463544442	241.915800868	0.94617988109
CMTSOLUTION_200806031620A	0.817160844717	0.0319521731442	495.122083008	0.96329793693
CMTSOLUTION_200806032204A	0.703382134781	0.0221128669671	47.2271915214	0.995343780952
CMTSOLUTION_200806050216A	1.13713672401	0.12879266428	248.587062887	0.936848906204
CMTSOLUTION_200806061342A	1.15373320367	0.0645331469523	47.7374994835	-0.870468226949
CMTSOLUTION_200806081225A	1.34654339182	0.106591061237	1366.4681667	0.676538540693
CMTSOLUTION_200806132343A	1.11423721251	0.132002736761	9867.18691479	0.884741670081
CMTSOLUTION_200806150837A	1.003893144	0.089682819304	142.939260103	0.967772144521
CMTSOLUTION_200806222356A	0.958082539869	0.0486720958259	131.422690269	0.991301649331
CMTSOLUTION_200806271140A	0.862705799731	0.101381267244	1350.45751828	0.846337154408
CMTSOLUTION_200806281254A	1.07198988828	0.152688078053	420.709572765	0.8991502603
CMTSOLUTION_200806292053A	0.715264567819	0.0360221976293	8.79962966795	0.743294064541
CMTSOLUTION_200806300617A	1.21661445507	0.168926657087	2978.98161701	0.976838379538
CMTSOLUTION_200807050212A	2.48557219109	0.220246705078	18823.2213502	-0.870224643177
CMTSOLUTION_200807080742A	1.24410706838	0.03918736759	312.341035026	0.981290178999
CMTSOLUTION_200807080913A	1.17453849403	0.086484798702	8.72017005688	-0.947509633017
CMTSOLUTION_200807131458A	0.732483908592	0.0511839017767	1591.40499808	0.933892446236
CMTSOLUTION_200807150326A	0.944742300599	0.116889910267	3036.26929127	0.880673049515
CMTSOLUTION_200807190239A	1.74752028391	0.127279389768	15383.9667035	0.900256416168
CMTSOLUTION_200807190927A	1.05069228421	0.0629792467311	886.832514829	0.98047122445
CMTSOLUTION_200807191101A	1.04738638441	0.0613579864428	9.85143756576	0.974462001201
CMTSOLUTION_200807231526A	0.717597859442	0.0927280331826	1074.77441025	0.789403091158
CMTSOLUTION_200807240143A	1.03262738494	0.0209457826573	1361.99123586	0.996114672966
CMTSOLUTION_200807282140A	0.949100430482	0.0326930407524	466.424087696	0.980825341646
CMTSOLUTION_200808042045A	DiffNPTS	DiffNPTS	DiffDelta	DiffNPTS
CMTSOLUTION_200808050949A	0.812172540293	0.0397685033249	262.730507085	0.928327071925
CMTSOLUTION_200808100820A	0.913765011148	0.104277815051	624.470129636	0.894536258646
CMTSOLUTION_200808112338A	0.940192578975	0.0451008024266	781.606954213	0.990799342849
CMTSOLUTION_200808151025A	0.912093589226	0.146208418446	312.836576885	0.871590269835
CMTSOLUTION_200808211224A	NOT FOUND	NOT FOUND	409.604306185	0.572586448521
CMTSOLUTION_200808220747A	1.1421746543	0.202737223311	150.335849827	0.788188287381
CMTSOLUTION_200808251322A	0.587528733241	0.149085642334	1495.33153992	0.760996504209
CMTSOLUTION_200808262100A	4.15575349827	0.799964639717	414.444348986	-0.716227262021
CMTSOLUTION_200808270135A	1.04534652255	0.063956443123	1588.54749677	0.923729850441
CMTSOLUTION_200808281522A	0.941275920877	0.0492711593228	413.932165243	0.92996279966
CMTSOLUTION_200808300654A	1.09115199359	0.133458195163	454.666088398	0.93958137405
CMTSOLUTION_200809031125A	NOT FOUND	NOT FOUND	81.3464834857	0.44523737358
CMTSOLUTION_200809101100A	0.802615138067	0.00818967685528	17749.9496171	-0.96699493287
CMTSOLUTION_200809101308A	0.886397074126	0.022883467982	1797.0320521	0.992591182324
CMTSOLUTION_200809110000A	5.5256884263	0.205123652624	21904.1777254	-0.786197836692
CMTSOLUTION_200809110020A	2.80580971416	0.212537952729	14939.2771143	0.822743741751
CMTSOLUTION_200809180141A	0.97703197111	0.0648135661561	223.50831321	0.954261240846
CMTSOLUTION_200809240233A	0.991509624033	0.0209434201053	1265.3829184	0.974695933787
CMTSOLUTION_200809250147A	0.458117554328	0.0779805467564	433.950401989	0.811006154794
CMTSOLUTION_200810051552A	1.19371119487	0.0489902824328	4224.2306982	0.978660948287
CMTSOLUTION_200810060830A	0.936052229713	0.112381429509	1056.86497283	0.782382934197
CMTSOLUTION_200810110906A	0.978362386049	0.0638190436533	545.232901524	0.93909704197
CMTSOLUTION_200810111040A	1.01431370056	0.0175298789569	60.8772617204	0.696737088266
CMTSOLUTION_200810122055A	1.15413253211	0.0352274779763	125.713476036	0.825876604621
CMTSOLUTION_200810140206A	1.13883040554	0.038591442826	148.337843118	0.649079065652
CMTSOLUTION_200810161941A	1.05580225817	0.03959729372	900.540545926	0.987071694396
CMTSOLUTION_200810231004A	1.16015428494	0.132959415298	307.113572316	0.862801815477
CMTSOLUTION_200810281600A	0.9972277045	0.0864567783346	252.720708862	0.975486115535
CMTSOLUTION_200810282309A	NOT FOUND	NOT FOUND	1209.79045745	0.481824463953
CMTSOLUTION_200810291132A	NOT FOUND	NOT FOUND	1337.59297259	0.568410520443
CMTSOLUTION_200810301515A	0.903587196734	0.0394138036704	104.740046474	0.973151760067
CMTSOLUTION_200811010113A	0.891738181522	0.163524729537	67.7483473702	0.934957031156
CMTSOLUTION_200811021348A	0.896764228945	0.019694892637	227.746356444	0.984831804681
CMTSOLUTION_200811071604A	0.697709314007	0.0910872225631	226.794943754	0.902257821014
CMTSOLUTION_200811100122A	0.658477980769	0.00526570487603	1777.34514942	0.966828357006
CMTSOLUTION_200811161702A	1.80899237781	0.0422197025003	7603.86547891	0.927896914319
CMTSOLUTION_200811190611A	0.967850847947	0.0303872890198	771.060598901	0.97873673602
CMTSOLUTION_200811210705A	1.64349107986	0.225577781248	36.5649243998	0.860374546317
CMTSOLUTION_200811221600A	0.633722911113	0.0646463517888	1503.45367866	0.975570243654
CMTSOLUTION_200811221849A	1.00007502864	0.104260272398	54.0829407362	0.970312532855
CMTSOLUTION_200811240902A	2.55080577748	0.29201988869	3742.93196823	-0.814369080499
CMTSOLUTION_200812061055A	NOT FOUND	NOT FOUND	103.167041083	-0.553585394532
CMTSOLUTION_200812081839A	1.54632251912	0.193667665633	210.758842605	0.766851690366
CMTSOLUTION_200812130827A	1.09114897767	0.0677293579499	28.1064923403	0.898709238256
CMTSOLUTION_200812172157A	0.569999820265	0.041648818293	79.8414012973	-0.921837783737
CMTSOLUTION_200812182119A	0.866359768747	0.0224456343822	699.117770489	0.995656917749
CMTSOLUTION_200812190831A	1.04337739808	0.0426758534582	975.6014754	0.975986445581
CMTSOLUTION_200812201029A	2.40738913558	0.0579617394545	1791.11008172	0.750659472384
CMTSOLUTION_200812250320A	2.67498474683	0.128059826643	232.470547156	-0.831274100411
CMTSOLUTION_200812282259A	1.54193388195	0.247130396896	17.4280402336	0.903516382353
CMTSOLUTION_200901031943A	1.11211208807	0.155501036793	6639.66993002	0.891283239481
CMTSOLUTION_200901032233A	0.992405772516	0.0372680641231	15.8902768352	0.776851381296
CMTSOLUTION_200901062248A	0.532194895337	0.0320090270105	32.4503471315	0.890019596798
CMTSOLUTION_200901081921A	1.05541858747	0.0909383530847	738.342729267	0.976158967798
CMTSOLUTION_200901130104A	1.29525827847	0.104129191731	163.308723232	0.947430836067
CMTSOLUTION_200901151749A	0.78408286139	0.0279546861315	9635.20744172	0.982956472483
CMTSOLUTION_200901221340A	0.815325487283	0.149332579964	204.999400533	0.979525459352
CMTSOLUTION_200901222016A	0.708790134089	0.0240739954909	82.4191340255	-0.809902512459
CMTSOLUTION_200902111734A	0.8355408936	0.0048155869315	4769.72895771	0.774865883104
CMTSOLUTION_200902111825A	2.16820574551	0.243199464449	55.6777520358	-0.763493070871
CMTSOLUTION_200902120349A	1.4028419778	0.160376111383	267.922279107	0.90051305321
CMTSOLUTION_200902120830A	0.760518490971	0.173174154804	51.0516821647	0.807810441462
CMTSOLUTION_200902121315A	1.31258795391	0.119424229994	256.946048884	0.916200286517
CMTSOLUTION_200902151004A	1.05528299043	0.0105199491775	111.629423859	0.986992822473
CMTSOLUTION_200902162316A	1.02893266463	0.0779087556931	487.587253438	0.748257046203
CMTSOLUTION_200902170528A	0.617985092085	0.0362580893805	6.4649514565	-0.878620234434
CMTSOLUTION_200902221745A	1.0283154953	0.107928985762	264.491947642	0.918871286762
CMTSOLUTION_200902281433A	1.13028721526	0.150482729775	205.865710168	0.948994721062
CMTSOLUTION_200903061050A	0.943998565242	0.0498356979689	2700.10556437	0.991719404871
CMTSOLUTION_200903122323A	0.884731725627	0.0564319646793	478.080996301	0.992592525579
CMTSOLUTION_200903161415A	1.15862567877	0.164610485747	609.403637849	0.973960308976
CMTSOLUTION_200904010355A	0.77385753411	0.044616782181	751.333207005	0.981770335935
CMTSOLUTION_200904040531A	1.17984528787	0.0904829882668	344.404872378	0.877288886486
CMTSOLUTION_200904070423A	1.07186124667	0.0569575955193	8100.78899357	0.966743891166
CMTSOLUTION_200904152001A	0.983647572739	0.0636347705383	114.903024532	0.71438644617
CMTSOLUTION_200904161457A	1.00458526935	0.0875151553287	800.703645989	0.976063382456
CMTSOLUTION_200904170208A	0.784077710061	0.0534904145083	239.125351373	0.988906932772
CMTSOLUTION_200904181917A	1.0436051387	0.0364257548471	2190.32120582	0.970673282835
CMTSOLUTION_200904190523A	0.596514164034	0.0157759361134	33.7466955208	0.951070968276
CMTSOLUTION_200904210526A	0.981057340431	0.0113470174283	228.847753933	0.991879225067
CMTSOLUTION_200904251718A	1.03202026764	0.0819960223231	58.7907933838	0.984889959992
CMTSOLUTION_200904281954A	1.14384141559	0.0916677833703	128.553972701	0.959948301803
CMTSOLUTION_200905031621A	0.752454244376	0.0501212886868	274.081631752	0.875537001147
CMTSOLUTION_200905100116A	1.09759049584	0.0885653688209	301.031255375	0.95590535651
CMTSOLUTION_200905120126A	0.954494695879	0.0219916330847	171.972971075	0.972809525435
CMTSOLUTION_200905191735A	1.72160098503	0.142532445554	107.019420114	0.902217188773
CMTSOLUTION_200905241617A	NOT FOUND	NOT FOUND	188.398948701	-0.292885163959
CMTSOLUTION_200905280824A	0.803342858595	0.0945737539983	3650.35095026	0.971669865011
CMTSOLUTION_200906041725A	1.04352271365	0.0375763752105	691.339096367	0.920396447814
CMTSOLUTION_200906050330A	1.66972009257	0.0421977995228	2570.8288761	0.880662175394
CMTSOLUTION_200906062033A	0.886439426878	0.0322252074248	202.469603305	0.965363139793
CMTSOLUTION_200906140558A	0.844615658291	0.0140839777317	576.98655545	0.980850487026
CMTSOLUTION_200906162005A	1.15126680723	0.0351862138216	430.722812427	0.97084164483
CMTSOLUTION_200906191405A	0.984255309063	0.0829038006897	656.904834092	0.776015631756
CMTSOLUTION_200906200828A	NOT FOUND	NOT FOUND	44.0592630753	0.350434659136
CMTSOLUTION_200906231419A	0.937840470643	0.0650104911683	692.414151721	0.960887023057
CMTSOLUTION_200907010930A	0.976717641018	0.0827297813936	4506.76836396	0.919712642683
CMTSOLUTION_200907040649A	0.789846431767	0.0512124030691	319.946918828	0.986983305832
CMTSOLUTION_200907061453A	1.24108874988	0.184221955625	201.42723656	0.955920865378
CMTSOLUTION_200907071911A	1.15491542525	0.0227950771302	439.963262818	0.977626936628
CMTSOLUTION_200907081923A	0.957772777984	0.0604141575279	238.751607411	0.963612346388
CMTSOLUTION_200907120612A	1.23984929813	0.215274500301	123.750182913	-0.886528966702
CMTSOLUTION_200907131805A	1.12034186272	0.145002997512	1449.55807696	0.924790012169
CMTSOLUTION_200907300737A	0.696560070784	0.143599173242	16.492534875	0.626595102739
CMTSOLUTION_200908020854A	1.04235467422	0.17484201302	79.5850832562	0.893845704263
CMTSOLUTION_200908031800A	1.51766201769	0.0940873311144	6947.24618575	0.850903114636
CMTSOLUTION_200908031840A	1.56181373821	0.131700142206	1354.59792884	0.894531930173
CMTSOLUTION_200908050018A	1.06516155601	0.0515144176961	586.7852459	0.965684923537
CMTSOLUTION_200908091055A	1.08169352047	0.0888161492024	1643.98016163	0.881475513433
CMTSOLUTION_200908100406A	1.08036165056	0.154984059967	900.020531089	0.990119407353
CMTSOLUTION_200908101955A	0.84464849402	0.0322275891821	6810.36979983	0.952109625232
CMTSOLUTION_200908122248A	1.82485888343	0.18361929049	1359.46333626	0.793083124819
CMTSOLUTION_200908160738A	DiffNPTS	DiffNPTS	DiffDelta	DiffNPTS
CMTSOLUTION_200908170005A	NOT FOUND	NOT FOUND	11615.4014321	-0.383381201699
CMTSOLUTION_200908171011A	1.33447888803	0.166881799336	1049.09235913	0.913766294827
CMTSOLUTION_200908200635A	1.01741576998	0.0375050364566	1355.90545928	0.986386414201
CMTSOLUTION_200908280151A	0.968924029312	0.0968584795441	2628.01072128	0.888829144484
CMTSOLUTION_200908280152A	1.11995554964	0.100232790958	1945.64160962	0.980575921975
CMTSOLUTION_200909020755A	0.984025717019	0.0706263728832	4880.66393253	0.887616821336
CMTSOLUTION_200909031326A	NOT FOUND	NOT FOUND	98.9813100833	0.337653470312
CMTSOLUTION_200909062149A	0.877041938283	0.107777201075	438.121508646	0.638738842027
CMTSOLUTION_200909071612A	NOT FOUND	NOT FOUND	211.181570161	0.539825100018
CMTSOLUTION_200909072241A	1.09523029228	0.113180577974	1092.0350032	0.979758332433
CMTSOLUTION_200909122006A	0.892906830732	0.0255086931936	1226.66003684	0.95556485817
CMTSOLUTION_200909172321A	1.19006076686	0.0718691156439	187.50568084	0.972754822582
CMTSOLUTION_200909210853A	0.950256165744	0.132350715871	334.005471899	0.888271404879
CMTSOLUTION_200909240716A	0.959417819689	0.102936589952	1457.8384501	0.974493686278
CMTSOLUTION_200909301016A	0.828006479883	0.0760851742334	9597.13330743	0.830308773668
CMTSOLUTION_200910010152A	0.604956218103	0.0562240692016	2315.69665714	0.663161480587
CMTSOLUTION_200910041058A	2.38937930394	0.191215863466	122.436195647	-0.7515370742
CMTSOLUTION_200911280604A	1.4476678135	0.203695491119	136.396051988	0.9579705835
CMTSOLUTION_200911281810A	0.735781335655	0.134763545587	144.321536556	0.722761507686
CMTSOLUTION_200912091600A	0.997665559178	0.0856114515263	1427.66055546	0.967116053592
CMTSOLUTION_200912100230A	1.38127990371	0.343487456172	143.791425539	-0.856331194412
CMTSOLUTION_200912170137A	NOT FOUND	NOT FOUND	989.069107114	0.571387256099
CMTSOLUTION_200912171455A	NOT FOUND	NOT FOUND	65.4166597058	0.265714986357
CMTSOLUTION_200912191302A	1.08963289653	0.147436861022	1513.53233336	0.979376624099
CMTSOLUTION_200912192319A	1.2336868755	0.0888218042252	139.093556986	0.938723344704
CMTSOLUTION_200912240023A	NOT FOUND	NOT FOUND	176.879033217	0.35685382881
CMTSOLUTION_200912260857A	1.1087900578	0.0130712979885	71.0341953736	0.898776364236
CMTSOLUTION_201001020845A	0.892417830957	0.0101306636901	306.200404069	0.955320277126
CMTSOLUTION_201001032148A	1.05201312836	0.221186662427	2477.07505097	0.965925792501
CMTSOLUTION_201001032236A	1.09708929631	0.206743607319	1483.09675567	0.965649307904
CMTSOLUTION_201001050455A	1.02673800071	0.0161624792312	1543.97141861	0.980064528274
CMTSOLUTION_201001051215A	1.18977648703	0.135330314475	1149.10802229	0.931175898437
CMTSOLUTION_201001051311A	1.19099185843	0.136224504557	52.1076530043	0.946085944581
CMTSOLUTION_201001090551A	NOT FOUND	NOT FOUND	31.2803218384	-0.0886847156254
CMTSOLUTION_201001171200A	0.887478266746	0.0584000042822	331.338564644	0.956603560307
CMTSOLUTION_201001181556A	1.07220247966	0.0195527390155	178.602918086	-0.925089600225
CMTSOLUTION_201001220046A	NOT FOUND	NOT FOUND	98.2473446478	-0.5762667885
CMTSOLUTION_201002012228A	0.985777498989	0.0371646940084	397.699505985	0.920077766379
CMTSOLUTION_201002050659A	1.05450720748	0.123622245862	243.40472538	0.85601979272
CMTSOLUTION_201002060444A	1.04711213317	0.0161048437991	367.043612311	0.988562252163
CMTSOLUTION_201002070610A	1.36691193322	0.119260914207	1171.88781119	0.932387785181
CMTSOLUTION_201002112156A	0.904576037095	0.126545203357	429.442533929	0.86707883102
CMTSOLUTION_201002152151A	1.48534313553	0.0221854340321	126.600437615	0.645315205002
CMTSOLUTION_201002180113A	0.790936570008	0.0197289629565	1143.74173546	-0.7255672527
CMTSOLUTION_201002231025A	NOT FOUND	NOT FOUND	28.7316814952	-0.518333128553
CMTSOLUTION_201002262031A	1.8899374837	0.0350477914651	4938.54669741	0.830681425537
CMTSOLUTION_201002271545A	0.957305505231	0.0396645107468	28.0369525603	0.98843964748
CMTSOLUTION_201002271900A	0.869533733112	0.0150054154802	20.5736381703	0.983053076299
CMTSOLUTION_201002281125A	0.903216523327	0.0146790436725	330.029095037	0.998896311608
CMTSOLUTION_201003031744A	0.946756691818	0.0381138753292	327.791495897	0.998697451298
CMTSOLUTION_201003040018A	0.880469723158	0.00814254175304	518.273179362	0.992641363403
CMTSOLUTION_201003040159A	0.859158133915	0.00159128277502	9.9426740771	-0.982234139113
CMTSOLUTION_201003042239A	0.923169329377	0.0512130009669	326.207593474	0.990677660486
CMTSOLUTION_201003050919A	0.902428720776	0.0243656886752	235.092282474	0.990417331385
CMTSOLUTION_201003051147A	0.957201370477	0.0297113154251	556.528888909	0.991743285135
CMTSOLUTION_201003051606A	1.13572385789	0.0615072727759	647.247589776	0.601292353152
CMTSOLUTION_201003070705A	1.10108745019	0.0515165673841	68.0230920529	0.938868252492
CMTSOLUTION_201003080232A	1.28689183226	0.108340812575	1360.07082013	0.859875529652
CMTSOLUTION_201003080747A	1.36154234512	0.0771649284943	221.449544632	0.852649932725
CMTSOLUTION_201003080947A	2.05905154948	0.241254572217	12.0068273706	0.848544638276
CMTSOLUTION_201003081112A	NOT FOUND	NOT FOUND	7.16223650666	0.419001835728
CMTSOLUTION_201003111439A	0.957783272891	0.0162755102523	7361.79074123	0.997344034843
CMTSOLUTION_201003111455A	0.955279033646	0.017717276003	10571.4582316	0.988957377527
CMTSOLUTION_201003140057A	1.34359679765	0.230622309065	373.350645858	0.815129634986
CMTSOLUTION_201003140808A	0.954678386129	0.137109545692	3266.35134107	0.880772684973
CMTSOLUTION_201003151108A	0.868524656048	0.0498567141388	79.6636792577	0.995183680473
CMTSOLUTION_201003160221A	0.925126052584	0.0476811707969	4537.5952127	0.972965321294
CMTSOLUTION_201003201400A	3.36908912624	0.267398727201	382.058108163	-0.820559572265
CMTSOLUTION_201003241411A	1.27087658488	0.0169206173004	29.2491274936	0.926300607326
CMTSOLUTION_201003250529A	0.795582634741	0.0344392743355	165.170382733	0.917279455445
CMTSOLUTION_201003261452A	0.640068937211	0.00291963175477	165.485431468	0.982451540615
CMTSOLUTION_201003282138A	0.785661438995	0.045912546754	57.8060558297	0.991461495292
CMTSOLUTION_201003301654A	1.23862677368	0.0529238591486	834.711016991	0.890522689094
CMTSOLUTION_201004022258A	0.947955766375	0.0420421685339	347.815669914	0.974198946231
CMTSOLUTION_201004042240A	0.6713942891	0.185644141249	2965.72169907	0.9380113626
CMTSOLUTION_201004051005A	1.29942588782	0.121068994723	373.98257609	0.991780986024
CMTSOLUTION_201004062215A	1.04497976713	0.0399626903253	21013.8051208	0.850965280159
CMTSOLUTION_201004071433A	0.929247816545	0.102194272891	69.696394938	0.900470889946
CMTSOLUTION_201004110940A	1.00062070123	0.0475306720808	1756.89365157	0.808214588811
CMTSOLUTION_201004112208A	0.441475946025	0.021149191028	727.836515309	-0.827550872704
CMTSOLUTION_201004132349A	1.09064171997	0.129632143099	3663.53707876	0.950872190319
CMTSOLUTION_201004140125A	1.30443271959	0.0372244043437	5.19540164438	0.938180472883
CMTSOLUTION_201004172315A	1.02640097809	0.0555535363701	530.472788166	0.969153360926
CMTSOLUTION_201004231003A	0.825175989754	0.0543099564868	388.093183332	0.976172113808
CMTSOLUTION_201004240741A	2.79952184982	0.788548271444	84.9769954632	0.685901992162
CMTSOLUTION_201004260259A	1.12404006742	0.134490989543	1994.69762899	0.909278093443
CMTSOLUTION_201004302311A	1.11953913643	0.0450785780772	4178.35348484	0.992317478538
CMTSOLUTION_201004302316A	1.12470153525	0.0424326923769	4693.53631484	0.994793220543
CMTSOLUTION_201005031027A	0.943227275369	0.0163954452639	147.479832321	0.798132948708
CMTSOLUTION_201005032309A	0.900356481561	0.0104994321941	678.744112077	0.997335288712
CMTSOLUTION_201005051629A	0.998465338335	0.0897227120385	715.84616715	0.665121614576
CMTSOLUTION_201005060242A	0.696244563148	0.0628696644121	607.96368858	0.972357016522
CMTSOLUTION_201005090559A	1.60461080897	0.499020672577	9668.76070614	0.873448998757
CMTSOLUTION_201005141229A	0.97308408784	0.00974815988626	248.382965996	0.959535446891
CMTSOLUTION_201005160652A	0.977073706056	0.0581557467804	20.7059720644	0.913481854932
CMTSOLUTION_201005190415A	NOT FOUND	NOT FOUND	147.534548219	0.458430568803
CMTSOLUTION_201005232246A	1.04028716079	0.061817247051	37.8346351039	0.979515601797
CMTSOLUTION_201005241618A	3.03161527873	0.0560214035149	348.212928236	-0.766529781895
CMTSOLUTION_201005251009A	1.00259274099	0.0253488251563	1496.72057824	0.956959825247
CMTSOLUTION_201005260853A	NOT FOUND	NOT FOUND	1228.98114423	0.471658813376
CMTSOLUTION_201005311951A	0.946462623231	0.0375643940678	367.148604551	0.955592326939
CMTSOLUTION_201006010326A	0.982086353336	0.0261558115464	330.541400364	0.984925653368
CMTSOLUTION_201006121926A	1.52379288219	0.372955143403	18589.0496241	0.765107612674
CMTSOLUTION_201006160306A	2.32954293267	0.360841331234	2176.92144756	0.759387113896
CMTSOLUTION_201006160316A	2.28489452686	0.38296368759	2235.86748683	0.722083723625
CMTSOLUTION_201006160358A	2.26986395976	0.502557551174	502.132741161	0.652029880346
CMTSOLUTION_201006180223A	0.862201840704	0.0808311443976	892.739482503	0.980503667285
CMTSOLUTION_201006240532A	1.12387884993	0.00670865138013	53.5086993555	0.990931486551
CMTSOLUTION_201006260530A	0.663123954379	0.00727802245454	5916.41378898	0.824465912814
CMTSOLUTION_201006300722A	0.964048656224	0.0676285170001	273.671665211	0.986999897959
CMTSOLUTION_201007042155A	1.66167291829	0.315436339843	523.271652241	0.945147669785
CMTSOLUTION_201007101143A	0.981053854886	0.0297888986434	720.522249031	0.970013397233
CMTSOLUTION_201007120011A	1.08168660785	0.0262897713727	666.501470466	0.965738598194
CMTSOLUTION_201007140832A	0.90547443475	0.0233758240609	2082.21301077	0.992297909085
CMTSOLUTION_201007161853A	NOT FOUND	NOT FOUND	101.717799928	0.0835501626356
CMTSOLUTION_201007180556A	0.868782832601	0.136572888395	2531.27071265	0.963327397649
CMTSOLUTION_201007181304A	0.867777949036	0.0700541915129	8312.31145133	0.982592099556
CMTSOLUTION_201007181335A	0.864209306496	0.0678186997769	8581.08417259	0.981813984138
CMTSOLUTION_201007181948A	0.855847709622	0.106999066418	73.6269639027	0.977763772829
CMTSOLUTION_201007201918A	1.00656572848	0.1284931201	258.944929179	0.952917449125
CMTSOLUTION_201007210916A	NOT FOUND	NOT FOUND	133.829251701	0.51215892918
CMTSOLUTION_201007232208A	2.49216291532	0.156125535919	5837.54125983	-0.96578287473
CMTSOLUTION_201007232251A	2.45241645307	0.145016920403	267.656815035	-0.975276112218
CMTSOLUTION_201007232315A	2.47227796959	0.143080718635	41.8837565063	-0.981943084864
CMTSOLUTION_201007240535A	2.50716472351	0.2793247155	49.6804332215	-0.92546540066
CMTSOLUTION_201007290731A	0.646796396099	0.0413734883043	304.668380684	-0.681911440734
CMTSOLUTION_201007300356A	0.854442012339	0.105316735893	1844.39950215	0.902456951166
CMTSOLUTION_201008031208A	0.643868844685	0.0467994406127	631.346456362	0.975199426693
CMTSOLUTION_201008040715A	0.922478832565	0.148525484263	32.8837419716	0.922956311958
CMTSOLUTION_201008041258A	1.00556168489	0.0656928428093	999.075646264	0.990525616498
CMTSOLUTION_201008042201A	0.624797298439	0.0675482409352	1949.91575434	0.802698242648
CMTSOLUTION_201008121154A	0.980089154837	0.0395284035908	3046.55373362	0.687156220384
CMTSOLUTION_201008132119A	0.885346298	0.0720647325862	12241.2875364	0.963886113553
CMTSOLUTION_201008140730A	0.878467374791	0.0439247147066	677.404401612	0.992131804994
CMTSOLUTION_201008142301A	0.849524585171	0.0897795560564	1438.76894124	0.98951118689
CMTSOLUTION_201008151509A	1.10777192794	0.111436409769	63.9166277959	0.950412006056
CMTSOLUTION_201008160330A	1.07904186359	0.208257877291	181.145543161	0.878267498651
CMTSOLUTION_201008181628A	0.903260547019	0.0975726098115	626.793617246	0.980280864162
CMTSOLUTION_201008201756A	1.30428769479	0.0721420132973	47.7708954133	0.82534871709
CMTSOLUTION_201008221023A	1.05169553458	0.248896915134	68.4900197558	0.749131324359
CMTSOLUTION_201008240212A	1.11903492869	0.0654429877785	249.577563407	0.980757208465
CMTSOLUTION_201009031116A	0.924421383784	0.0249194003844	2509.02664744	0.997296910271
CMTSOLUTION_201009090728A	1.01089697943	0.0769364694073	182.332512255	0.991654156639
CMTSOLUTION_201009171921A	NOT FOUND	NOT FOUND	174.530917595	0.448398778926
CMTSOLUTION_201009261212A	2.1907868588	0.289319173185	45.4775912269	0.814407549254
CMTSOLUTION_201009270008A	0.936113622904	0.0103654859677	252.857304256	0.965567519256
CMTSOLUTION_201009291711A	0.855559812693	0.134740718365	1974.82238461	0.832072771692
CMTSOLUTION_201010031521A	0.620326071833	0.051148235121	46.8548574175	0.803751070242
CMTSOLUTION_201010041328A	0.730274590113	0.040111699548	330.427405562	0.96245106468
CMTSOLUTION_201010080326A	0.943961511216	0.013335300174	1185.63607605	0.991619365306
CMTSOLUTION_201010080349A	0.942271121346	0.0131112494113	1380.31665212	0.991410777171
CMTSOLUTION_201010080543A	2.15610225851	0.244342552012	7.97312556327	0.787232208011
CMTSOLUTION_201010211753A	0.827664281126	0.0530290960853	6821.72246169	0.991471088723
CMTSOLUTION_201010251442A	1.02346405238	0.109944986591	945.629424172	0.782486880248
CMTSOLUTION_201010251937A	1.27745359493	0.157356996182	34.7027636302	0.691480619444
CMTSOLUTION_201011030056A	0.468715009248	0.0396100979009	60.6497322967	0.660558888139
CMTSOLUTION_201011030251A	0.883101317094	0.112515706192	74.7065340272	0.948470088641
CMTSOLUTION_201011031118A	1.13251176984	0.0777902643396	102.828464173	0.912842843361
CMTSOLUTION_201011031813A	1.01178723516	0.0626202973496	29.9179910422	0.763916531133
CMTSOLUTION_201011100405A	0.746647950371	0.0690532115892	399.983274599	0.879445800676
CMTSOLUTION_201011230901A	1.04068659659	0.0329871196085	204.153661824	0.933460292055
CMTSOLUTION_201011300324A	1.51519961505	0.343588656397	240.088155174	0.719245967447
CMTSOLUTION_201012020312A	0.910866026555	0.0251766701395	1808.61610709	0.961122677901
CMTSOLUTION_201012080524A	1.12735327433	0.012893711579	282.310547335	0.988102326674
CMTSOLUTION_201012130114A	1.12149115005	0.083101719243	93.1391902856	0.921026616867
CMTSOLUTION_201012151129A	2.63659826202	0.250539287838	39.8987926845	0.660739639026
CMTSOLUTION_201012201841A	1.02107249764	0.206923017446	402.680711603	0.851637315838
CMTSOLUTION_201012211719A	NOT FOUND	NOT FOUND	9535.22104487	0.523374111594
CMTSOLUTION_201012222149A	2.40857007694	0.0364157131605	143.117378986	0.946612926667
CMTSOLUTION_201012231400A	0.863169791943	0.0336248573554	1227.74645939	0.995008256918
CMTSOLUTION_201101010956A	1.29038059568	0.0851180668384	2154.37881004	-0.634799652474
CMTSOLUTION_201101022020A	0.938028740548	0.0624031001253	7127.99451659	0.995081031896
CMTSOLUTION_201101122132A	2.55205972019	0.0525470198055	235.600657486	0.954428082775
CMTSOLUTION_201101171920A	0.915300321387	0.0718945192929	150.794868236	0.955159359543
CMTSOLUTION_201101182023A	0.921362702615	0.119762478383	30128.4689527	0.961317228098
CMTSOLUTION_201101190917A	0.861587481497	0.163164432858	90.2533465125	0.882142249184
CMTSOLUTION_201101240245A	0.840241006128	0.0199950754811	37.9981366023	0.974039647897
CMTSOLUTION_201101261542A	1.22042039702	0.149265804483	155.48531947	0.773117832803
CMTSOLUTION_201101270838A	0.931533034954	0.240642870722	1305.41092666	0.765677074952
CMTSOLUTION_201101290655A	0.951437578897	0.026271074607	4814.72011006	0.990611111315
CMTSOLUTION_201102041353A	0.937225669197	0.0613745983589	477.757104427	0.989271825197
CMTSOLUTION_201102071953A	1.35548654482	0.0574551309446	106.933074185	0.949725893713
CMTSOLUTION_201102101439A	NOT FOUND	NOT FOUND	101.66980468	0.339132045735
CMTSOLUTION_201102101441A	NOT FOUND	NOT FOUND	123.534670441	-0.221092188542
CMTSOLUTION_201102112005A	0.931186113176	0.043000612921	9507.15356503	0.99446363152
CMTSOLUTION_201102112339A	1.034844916	0.0584457811524	29.2405639745	0.99034588093
CMTSOLUTION_201102120117A	1.03051466684	0.0547873065936	17.2016611241	0.98118004448
CMTSOLUTION_201102140340A	0.793870884398	0.0240845532541	415.985713757	0.995160511379
CMTSOLUTION_201102151333A	0.884744062279	0.0818951204879	242.549382371	0.910158873628
CMTSOLUTION_201102202143A	0.816064707736	0.0321325042917	711.236077622	0.991921711609
CMTSOLUTION_201102251307A	0.947937478397	0.0612850392576	81.5017351246	0.994636005674
CMTSOLUTION_201103010053A	1.11922675827	0.0872900366379	76.4744527366	0.967399159515
CMTSOLUTION_201103061231A	0.788774529926	0.0814703921639	136.45114844	0.801703792497
CMTSOLUTION_201103061432A	0.901565587289	0.0210564952087	128.597167781	0.98769373557
CMTSOLUTION_201103070009A	0.916901683716	0.0746060847498	785.872106867	0.963948377877
CMTSOLUTION_201103090245A	0.911419050356	0.0700700971625	29738.9151645	0.83245021085
CMTSOLUTION_201103091816A	1.56733787616	0.247860893433	72.4169195491	0.897687888461
CMTSOLUTION_201103092124A	1.98660546209	0.55976645995	613.459387823	0.828404001264
CMTSOLUTION_201103092124B	1.24666098727	0.257087124581	446.428915518	0.910570540896
CMTSOLUTION_201103101708A	2.08566726542	0.493499468554	266.847371148	-0.892726092719
CMTSOLUTION_201103110546A	1.78657947042	0.272454588545	312505.652998	0.96839442424
CMTSOLUTION_201103110615A	1.87719442195	0.266151805601	60518.6820341	0.970496012275
CMTSOLUTION_201103110625A	1.74934360023	0.245747101512	172.967332336	0.980436986433
CMTSOLUTION_201103111859A	1.13605312074	0.0418903934552	36.3880282323	0.861806143469
CMTSOLUTION_201103111902A	1.05085744016	0.057572337811	51.1093775868	0.79498908786
CMTSOLUTION_201103111946A	1.09419087071	0.0324084734838	24.9784942353	0.900658240444
CMTSOLUTION_201103112011A	1.06572250681	0.0418500982755	7.74714973592	0.88595032369
CMTSOLUTION_201103120147A	2.46335176536	0.10530114588	506.539032782	0.868819153443
CMTSOLUTION_201103121315A	0.956950618833	0.0866227619654	144.508747675	0.823443715288
CMTSOLUTION_201103130126A	NOT FOUND	NOT FOUND	170.108521955	0.392465433352
CMTSOLUTION_201103140612A	1.79844204671	0.110834381422	424.546021777	0.853936369364
CMTSOLUTION_201103151327A	1.35878584291	0.140656217021	111.006204144	0.974226885478
CMTSOLUTION_201103151331A	1.42888824547	0.165721345729	182.167101176	0.973707038706
CMTSOLUTION_201103151523A	1.26237401908	0.063601735292	38.2429705696	0.9767455502
CMTSOLUTION_201103170413A	1.17896384744	0.0192749907762	32.6141788736	0.924112051984
CMTSOLUTION_201103200826A	0.568337146203	0.039656649743	78.0987799213	0.978872727601
CMTSOLUTION_201103220718A	3.17847375256	0.13596560565	700.895110903	0.879783429742
CMTSOLUTION_201103220919A	NOT FOUND	NOT FOUND	75.0625413952	0.588684973959
CMTSOLUTION_201103220944A	3.2312864195	0.151702417486	200.932832249	0.666052160988
CMTSOLUTION_201103241355A	NOT FOUND	NOT FOUND	11667.5491403	-0.32617150082
CMTSOLUTION_201103251136A	0.833656706275	0.0721024463019	736.140773579	0.917089987953
CMTSOLUTION_201103272223A	1.04991001054	0.0634021116551	1113.50809845	0.939503170945
CMTSOLUTION_201103291054A	1.20061858455	0.0925347759021	1263.81402303	0.864428172023
CMTSOLUTION_201103310715A	0.929057378532	0.0890719787161	501.796766765	0.932190881355
CMTSOLUTION_201104011329A	0.849476896594	0.0728257786778	39.4544009802	0.844801741482
CMTSOLUTION_201104032006A	0.596085975384	0.147242952232	1203.39565177	0.725626556665
CMTSOLUTION_201104071311A	NOT FOUND	NOT FOUND	12793.9286424	0.580172711029
CMTSOLUTION_201104071432A	0.847994835341	0.102206143795	131.528009835	0.904525402781
CMTSOLUTION_201104091257A	0.836760717248	0.0744533596663	340.603414537	0.808634002367
CMTSOLUTION_201104110816A	1.63512372337	0.177611261082	1712.03664621	0.850326141342
CMTSOLUTION_201104112308A	4.22970847669	0.0269084867591	1223.87820558	0.706644281261
CMTSOLUTION_201104131957A	1.98901630489	0.115844579591	862.488044868	0.85579357451
CMTSOLUTION_201104211337A	NOT FOUND	NOT FOUND	318.036246564	0.447641880402
CMTSOLUTION_201104230416A	1.02289423328	0.0184639473512	6186.47393339	0.88050073125
CMTSOLUTION_201104231012A	2.20536043095	0.150743598214	234.729814963	0.795791478222
CMTSOLUTION_201104242307A	NOT FOUND	NOT FOUND	1205.75485559	-0.19218292009
CMTSOLUTION_201104300819A	1.08586159502	0.0573302972509	139.17068372	0.980362547475
CMTSOLUTION_201105061620A	0.928429691597	0.00661469050177	83.414436594	0.97815520895
CMTSOLUTION_201105080650A	1.38638884549	0.0774551536953	202.364205726	0.70292147541
CMTSOLUTION_201105111647A	0.912614351313	0.0384675464184	91.5330690971	0.955295358859
CMTSOLUTION_201105132247A	NOT FOUND	NOT FOUND	639.319371612	-0.277708190704
CMTSOLUTION_201105132335A	1.0165340883	0.115248733854	199.396922935	0.858760468841
CMTSOLUTION_201105142107A	NOT FOUND	NOT FOUND	582.770146127	-0.11324047046
CMTSOLUTION_201105151308A	0.560378121479	0.0699079758927	263.168912606	0.929788432082
CMTSOLUTION_201105151837A	1.05216993082	0.041726208985	1184.31804873	0.941607906872
CMTSOLUTION_201105192015A	1.01448522675	0.09793199174	496.088555626	-0.651666866709
CMTSOLUTION_201105280547A	2.48006706352	0.917627137204	19.341764428	0.789762807812
CMTSOLUTION_201106011255A	0.976356180591	0.0621998558606	359.269236364	0.975242358547
CMTSOLUTION_201106030005A	0.837256179833	0.0576963570146	1131.7841759	0.946101729505
CMTSOLUTION_201106131431A	0.955138223359	0.0500557172974	512.206869083	0.97430154906
CMTSOLUTION_201106160003A	1.07743526458	0.0215369483827	4358.33063681	0.993196106213
CMTSOLUTION_201106201635A	0.913043663263	0.0342616717839	772.564023191	0.940712867328
CMTSOLUTION_201106210204A	1.00714261095	0.104099171107	304.981443122	0.935125515024
CMTSOLUTION_201106222150A	1.22459406484	0.0301809277735	2347.98876911	0.780654250378
CMTSOLUTION_201106230734A	NOT FOUND	NOT FOUND	1975.24286427	-0.137279658038
CMTSOLUTION_201106240309A	1.00410170886	0.0239235060391	11109.5628191	0.98156761103
CMTSOLUTION_201106261216A	1.58128624859	0.250061664598	750.568717554	0.896775643552
CMTSOLUTION_201107100057A	2.17034233987	0.425418056555	3262.69993632	0.877224781481
CMTSOLUTION_201107112047A	0.529695711777	0.049624715237	907.630738877	0.852737798483
CMTSOLUTION_201107151326A	1.13046464	0.033311767504	51.598550685	0.987836490715
CMTSOLUTION_201107160026A	0.862342940661	0.00803049665862	381.330867607	0.99808882592
CMTSOLUTION_201107161959A	1.0018878014	0.0252149105511	93.01237685	0.991982860977
CMTSOLUTION_201107190713A	NOT FOUND	NOT FOUND	15.6972148009	0.448015894292
CMTSOLUTION_201107191935A	0.925061370418	0.0280100995827	885.543688003	0.979760199266
CMTSOLUTION_201107202204A	0.399420669007	0.0300746706427	119.663708573	0.977773012214
CMTSOLUTION_201107230434A	0.891176122131	0.0798995614681	860.560432283	0.917477911651
CMTSOLUTION_201107241851A	1.01405108617	0.116119220366	1367.05969241	0.881942540393
CMTSOLUTION_201107250050A	0.998908897526	0.0108957100246	1331.23989227	0.967420555414
CMTSOLUTION_201107251757A	NOT FOUND	NOT FOUND	124.702647541	0.370172793175
CMTSOLUTION_201107261744A	0.869410371133	0.0886818391052	597.21536654	0.975445184731
CMTSOLUTION_201107301853A	0.784539852715	0.0626970826337	1061.97909488	0.791712703757
CMTSOLUTION_201107312338A	0.890820388862	0.0619526037198	6819.22910352	0.993258987888
CMTSOLUTION_201108041351A	0.897242295698	0.0399959911003	1024.98467753	0.978321106943
CMTSOLUTION_201108071435A	NOT FOUND	NOT FOUND	12.5459595435	-0.366617836111
CMTSOLUTION_201108102345A	0.804448968525	0.137540631285	827.682905097	0.89830071093
CMTSOLUTION_201108161103A	0.807068294017	0.0917116195	129.457502188	0.679736002585
CMTSOLUTION_201108171144A	0.964343731326	0.175082077412	910.212683155	0.798851484019
CMTSOLUTION_201108190536A	0.966934821314	0.21137135919	55.5902140595	0.738680560798
CMTSOLUTION_201108222012A	0.760703562681	0.218297199288	247.845257775	0.85138386571
CMTSOLUTION_201108241746A	4.9307045138	0.941243653765	1572.13480582	-0.71423001987
CMTSOLUTION_201108300657A	NOT FOUND	NOT FOUND	1375.27187648	-0.307720528798
CMTSOLUTION_201108311217A	0.872157168633	0.0520574119072	87.8133106663	0.963776431326
CMTSOLUTION_201109021055A	1.25174219355	0.0184769373669	3697.18415215	0.973352782427
CMTSOLUTION_201109021347A	3.16843985511	0.0676906661399	13.5023070003	-0.851792521967
CMTSOLUTION_201109030449A	0.92440595562	0.0282745828022	1619.63868012	0.976185793357
CMTSOLUTION_201109051755A	2.62852941014	0.356132673896	431.456869561	0.844592051506
CMTSOLUTION_201109091941A	1.20828776292	0.0608112906424	1206.08668899	0.899614590015
CMTSOLUTION_201109141810A	1.08352503965	0.0974843566626	337.314568155	0.96362198159
CMTSOLUTION_201109150800A	0.783964021043	0.0814536631127	684.672211396	0.768303162373
CMTSOLUTION_201109161926A	1.09393290472	0.222958068512	2110.9832532	0.891697044102
CMTSOLUTION_201109162108A	1.30480154545	0.0459479788879	6.96763867078	0.951097394145
CMTSOLUTION_201109181240A	1.03361449362	0.00893131884976	2895.42375826	0.951589388685
CMTSOLUTION_201109220322A	1.22317616069	0.0625757269869	656.537991338	0.778550045445
CMTSOLUTION_201110052352A	0.940101557157	0.0214574777471	572.430953909	0.993120260322
CMTSOLUTION_201110060003A	0.937215722531	0.0208827981135	549.304677514	0.991609620598
CMTSOLUTION_201110060039A	0.935091028303	0.0171359155337	42.2224963488	0.959613632839
CMTSOLUTION_201110130316A	NOT FOUND	NOT FOUND	277.889512819	0.589158858121
CMTSOLUTION_201110140335A	1.07410813226	0.0132446732878	1055.86899039	0.982156382391
CMTSOLUTION_201110140610A	0.624514207581	0.147473504349	9.68258659667	0.783935114242
CMTSOLUTION_201110180505A	1.16433444174	0.0752557272113	283.555352803	0.990813342201
CMTSOLUTION_201110210802A	1.57999520401	0.103118774565	104.317970557	-0.983841918488
CMTSOLUTION_201110231041A	2.53845036772	0.657466329983	49335.2154195	0.864486494964
CMTSOLUTION_201110231810A	NOT FOUND	NOT FOUND	204.783970572	-0.594550932582
CMTSOLUTION_201110232045A	1.91175501592	0.0348814445668	371.559787504	0.960415330254
CMTSOLUTION_201110251455A	2.71450117599	0.527370925631	236.190822756	0.783420422985
CMTSOLUTION_201110270804A	1.3785821188	0.282947739909	27.985851598	0.873632731558
CMTSOLUTION_201110281854A	0.930539213774	0.141781692414	4276.9324416	0.970380905457
CMTSOLUTION_201110292224A	1.36799942849	0.0740288877122	41.4958105691	0.938897048614
CMTSOLUTION_201111011232A	0.996031562665	0.0919611373546	482.809156236	0.944283699154
CMTSOLUTION_201111072235A	2.12176078214	0.13068867692	118.117745094	-0.929667989877
CMTSOLUTION_201111080259A	0.971835225961	0.107635700366	1553.64125055	0.907993422434
CMTSOLUTION_201111082205A	2.92388811171	0.460794203515	77.9279671811	0.807241273088
CMTSOLUTION_201111091923A	1.70223473398	0.478062131469	586.087299647	0.639659092627
CMTSOLUTION_201111140405A	1.18851514733	0.166035613558	405.239738948	0.930653498441
CMTSOLUTION_201111142208A	2.2562819826	0.203698046474	40.2066416966	0.89059432477
CMTSOLUTION_201111170157A	0.869613627924	0.0205174505868	255.495981912	0.95207308247
CMTSOLUTION_201111180600A	0.896780214509	0.0234136186381	128.587918056	0.960885473801
CMTSOLUTION_201111221848A	1.89219221556	0.253448109834	262.931612408	-0.799414324553
CMTSOLUTION_201111231217A	0.818236039019	0.0828275579188	190.355057542	0.833655728624
CMTSOLUTION_201111231924A	1.0136386822	0.107340028595	552.426003514	0.822701418537
CMTSOLUTION_201111241025A	0.911137016795	0.0355205294483	491.570499796	0.981226347862
CMTSOLUTION_201111281226A	0.830103171242	0.108587890659	229.331383704	0.883461709629
CMTSOLUTION_201111300027A	1.42533187392	0.175128263669	151.67134763	0.969863538567
CMTSOLUTION_201111300047A	1.51226930446	0.245130862971	176.271486115	0.782148088529
CMTSOLUTION_201112012135A	0.87847566559	0.000714532697589	33.9435317192	0.97193872861
CMTSOLUTION_201112072223A	1.0108359062	0.0819408837266	229.921878941	0.992168680152
CMTSOLUTION_201112110147A	0.947659464438	0.0305834802866	1205.9149014	0.996858427712
CMTSOLUTION_201112110954A	0.92715543467	0.0401829947776	287.155177668	0.98632834884
CMTSOLUTION_201112130752A	1.13839283798	0.0792961704887	44.7044955364	0.789601996962
CMTSOLUTION_201112140504A	2.80477291102	0.804871790553	801.384522478	0.672630909612
CMTSOLUTION_201112271521A	0.945462850021	0.0272735335196	9504.4733066	0.990243764175
CMTSOLUTION_201201010527A	1.38081226011	0.125417889991	386.159687966	0.720012774036
CMTSOLUTION_201201101837A	1.43287408917	0.0857443765092	5231.21312506	0.957966208391
CMTSOLUTION_201201151340A	1.00745905074	0.054054481139	983.815693252	0.985032175458
CMTSOLUTION_201201151421A	1.01782311853	0.0554451619637	807.056541141	0.99156305378
CMTSOLUTION_201201211847A	1.02081720661	0.0727136704525	504.192642662	0.961673665501
CMTSOLUTION_201201231604A	0.922152056991	0.0489870059875	713.021779252	0.996118882939
CMTSOLUTION_201201260424A	0.699475746047	0.0738491336098	143.924789517	0.886665073486
CMTSOLUTION_201201270133A	0.890348255244	0.0316586875986	313.142020202	0.915965312373
CMTSOLUTION_201201300511A	1.15954098866	0.0342036532801	542.815034962	0.995074055087
CMTSOLUTION_201202061010A	0.849306174627	0.0447747581998	8.29061094016	0.990226071263
CMTSOLUTION_201202140134A	3.3567036145	0.648436030151	179.376059333	-0.888555182867
CMTSOLUTION_201202140819A	0.769855512332	0.0566474425453	158.188737837	0.902830034108
CMTSOLUTION_201202260617A	1.05581187401	0.143142517584	3380.60618505	0.974136135907
CMTSOLUTION_201203040331A	NOT FOUND	NOT FOUND	93.4260369678	0.307867723629
CMTSOLUTION_201203050746A	NOT FOUND	NOT FOUND	15.5232318049	-0.520771081803
CMTSOLUTION_201203140908A	1.06588408606	0.198372268302	7042.42476368	0.982864858585
CMTSOLUTION_201203141049A	1.16318238488	0.104312489775	7.4300153922	0.825342031709
CMTSOLUTION_201203141205A	0.813307021618	0.00556330683296	5.36739680518	0.825765773808
CMTSOLUTION_201203142113A	1.18034031992	0.0203302057839	477.722715067	0.987199309097
CMTSOLUTION_201203201756A	0.905063098741	0.0932439159006	15624.130841	-0.933192150736
CMTSOLUTION_201203201802A	0.999262492534	0.0743214444576	19171.9255571	0.981017895813
CMTSOLUTION_201203252237A	0.932669387753	0.0335747969139	5699.95388932	0.97844759663
CMTSOLUTION_201203261035A	2.05088685966	0.404732255257	14.3743362064	0.887250459055
CMTSOLUTION_201203261812A	0.892216323859	0.0183654182557	34.7789297458	0.997453740189
CMTSOLUTION_201203271100A	1.29898796773	0.180308496282	167.052387	0.847881040974
CMTSOLUTION_201204021736A	0.958599110758	0.100448189298	469.197068219	0.97905213258
CMTSOLUTION_201204061615A	1.0216271304	0.0432855574226	131.981243544	-0.958403804265
CMTSOLUTION_201204112241A	0.859949792325	0.00193935627798	1030.5987785	0.966337876719
CMTSOLUTION_201204112255A	1.02421404107	0.0143737707842	1079.53809596	0.994119260913
CMTSOLUTION_201204120706A	NOT FOUND	NOT FOUND	7318.04023309	0.502211200541
CMTSOLUTION_201204120715A	NOT FOUND	NOT FOUND	10061.294527	0.537676691726
CMTSOLUTION_201204141056A	0.887372247884	0.036873691171	352.391870656	0.972328013159
CMTSOLUTION_201204150557A	1.49555223124	0.0745188685529	337.822880736	0.886469946589
CMTSOLUTION_201204161123A	0.879812032959	0.0949881738348	113.668657232	0.716313533404
CMTSOLUTION_201204170350A	0.892169869822	0.00936794956133	4570.84227707	0.986736286826
CMTSOLUTION_201204170713A	NOT FOUND	NOT FOUND	158.366779852	0.385467881841
CMTSOLUTION_201204171903A	1.03167949892	0.0303225873382	364.170146406	0.996098713996
CMTSOLUTION_201204200121A	1.67795050414	0.344399841846	41.891926618	0.975233645926
CMTSOLUTION_201204210116A	4.13250704827	0.348490135143	419.723634226	0.661288943139
CMTSOLUTION_201204210125A	4.14149577666	0.349960269249	597.922262495	0.692303580822
CMTSOLUTION_201205012243A	1.04949021257	0.0426818939029	350.227900542	0.973647022825
CMTSOLUTION_201205031009A	1.62789949611	0.0118520042859	40.9087727956	0.911500543394
CMTSOLUTION_201205031520A	0.629433608511	0.034942199774	52.530591031	-0.762387992668
CMTSOLUTION_201205070440A	1.77670586171	0.130883239097	516.380878856	0.942278744113
CMTSOLUTION_201205071415A	0.898932426999	0.0756526897846	67.040585345	0.953180448943
CMTSOLUTION_201205141000A	0.833412150161	0.0711682316604	107.217008613	0.89664837609
CMTSOLUTION_201205180200A	0.823544568695	0.0646618862847	2240.35571476	0.99366334163
CMTSOLUTION_201205200719A	2.26917992026	0.106463924941	834.718997559	0.869640677478
CMTSOLUTION_201205220000A	NOT FOUND	NOT FOUND	234.164897373	0.531671811924
CMTSOLUTION_201205231502A	0.920440729886	0.192792688543	256.659750961	0.928188483528
CMTSOLUTION_201205242247A	0.962187440547	0.0418122996263	4257.84379737	0.994436268463
CMTSOLUTION_201205262148A	1.17851788901	0.20070824901	17.5049469911	0.95255451102
CMTSOLUTION_201205280507A	2.77310238141	0.0761479587785	1016.09292472	-0.942090363892
CMTSOLUTION_201206020752A	0.775382007596	0.0176483646915	72.2468893035	-0.945037548707
CMTSOLUTION_201206040045A	0.936359784932	0.0617339497068	287.910337712	0.98844697216
CMTSOLUTION_201206040315A	0.836906883034	0.100291787355	48.1351424635	0.914041107156
CMTSOLUTION_201206051931A	3.74735127398	0.228850736607	1463.15918261	0.615604841416
CMTSOLUTION_201206070405A	0.91083906413	0.0537289639121	664.313674999	0.932827433087
CMTSOLUTION_201206071603A	1.13475856626	0.0921993278903	49.1115592275	0.880558141763
CMTSOLUTION_201206072054A	NOT FOUND	NOT FOUND	52.9995348456	0.252211764082
CMTSOLUTION_201206101244A	NOT FOUND	NOT FOUND	2869.4963173	0.247871216885
CMTSOLUTION_201206140552A	0.882398363257	0.0185781991047	38.3400096962	0.920255004538
CMTSOLUTION_201206172032A	0.869232364606	0.0924453361417	1594.56249079	0.86938049124
CMTSOLUTION_201206191556A	1.00558117132	0.0938940563058	403.696797197	0.987484933254
CMTSOLUTION_201206230434A	3.64274525129	0.314812858116	100.082363723	0.82598552631
CMTSOLUTION_201206240315A	1.12267950915	0.0774970814139	336.29900396	0.865292935175
CMTSOLUTION_201206251305A	1.4674713966	0.018934373526	36.5286611279	0.701923664183
CMTSOLUTION_201206292107A	0.94435816356	0.156565267865	1272.34291137	-0.735192648141
CMTSOLUTION_201207081133A	1.18382715077	0.0295683442996	443.361307143	0.969176292282
CMTSOLUTION_201207091355A	NOT FOUND	NOT FOUND	140.517043195	0.492417881397
CMTSOLUTION_201207200610A	1.01944124386	0.173999040073	435.760380023	0.956242033357
CMTSOLUTION_201207250027A	1.22346966031	0.211757879358	375.130725568	0.696402772878
CMTSOLUTION_201207251120A	0.715726345927	0.074699490269	715.041965005	0.946159472324
CMTSOLUTION_201207260533A	0.948600581401	0.0827347446943	572.208941454	0.887495603014
CMTSOLUTION_201207282004A	1.21912207304	0.0811116735921	1263.82796363	0.989936052157
CMTSOLUTION_201208020938A	1.42247809046	0.0335625855762	194.156027064	-0.957965380733
CMTSOLUTION_201208020956A	1.27861955142	0.0635508113545	222.947949876	0.985841874331
CMTSOLUTION_201208101837A	1.0799032582	0.107605213237	595.526065206	0.985596986596
CMTSOLUTION_201208111223A	0.80921784742	0.0721078773416	4944.69951683	0.875769633728
CMTSOLUTION_201208111234A	0.81340549785	0.0872699518559	5028.95685411	0.938437401177
CMTSOLUTION_201208121047A	0.881371929443	0.0122097317747	1124.10510926	-0.865929717058
CMTSOLUTION_201208140259A	3.93515437406	0.711416511605	30734.5455144	0.604835146596
CMTSOLUTION_201208151749A	0.83383333075	0.0885508665211	32.8200839311	0.971819818548
CMTSOLUTION_201208180941A	1.45043991424	0.445656750865	142.676311447	0.819407818331
CMTSOLUTION_201208192241A	0.647339551434	0.0414039123621	125.696956301	0.836989661308
CMTSOLUTION_201208261505A	0.885879284328	0.0237685356352	898.774235079	0.977728759507
CMTSOLUTION_201208270437A	1.066298867	0.0613203679395	6436.80361703	0.965571107009
CMTSOLUTION_201208301343A	0.972453741514	0.0402985023985	6329.13313997	0.995187045261
CMTSOLUTION_201208311247A	NOT FOUND	NOT FOUND	4889.06956559	0.511403219086
CMTSOLUTION_201209031823A	0.92840481415	0.302187710308	191.174380764	-0.810020907186
CMTSOLUTION_201209051442A	0.954255602782	0.0328491369712	4992.52676264	0.97675131427
CMTSOLUTION_201209081051A	1.67039543228	0.0672535999438	132.975991569	0.94288159635
CMTSOLUTION_201209120327A	1.04361332008	0.0625965430086	118.225690183	0.872894319511
CMTSOLUTION_201209140451A	0.713753353874	0.0598553373473	269.239200942	0.891092569127
CMTSOLUTION_201209190917A	1.25665186938	0.126179300421	12.4922379744	0.601342838703
CMTSOLUTION_201209220352A	NOT FOUND	NOT FOUND	50.9008535115	0.567038460141
CMTSOLUTION_201209252345A	1.39027998312	0.0673793528807	865.409181923	0.948379318513
CMTSOLUTION_201209262339A	0.923378470384	0.0439722803048	535.179255879	0.981668564224
CMTSOLUTION_201209301631A	1.14191081695	0.280285768894	3584.85941256	-0.763123841446
CMTSOLUTION_201210012221A	1.25944632921	0.091419356958	862.49865657	0.933567601795
CMTSOLUTION_201210080626A	0.866468915563	0.11154254003	360.911678209	0.972690283025
CMTSOLUTION_201210081143A	1.04613154291	0.054826375357	173.871672617	0.850888628943
CMTSOLUTION_201210120031A	0.975502632485	0.104727116597	607.528315638	0.616128443535
CMTSOLUTION_201210141013A	0.588583562274	0.0386578271322	159.801457622	0.846650651138
CMTSOLUTION_201210170442A	1.19283601162	0.0249789788014	48.6521120775	0.808026264833
CMTSOLUTION_201210240045A	0.948383444744	0.0331678352835	1697.78267266	0.984311344068
CMTSOLUTION_201210252305A	1.28047763927	0.199982677008	360.697686064	0.755086712716
CMTSOLUTION_201210280304A	0.860525588698	0.0730741342752	24887.0374767	0.980173018046
CMTSOLUTION_201210281854A	1.19770914884	0.0198049422342	1553.33544102	0.889763440608
CMTSOLUTION_201210300249A	0.94639380772	0.0750585823627	1803.95213185	0.992438622096
CMTSOLUTION_201211021817A	1.14207821408	0.028949509865	143.993398648	0.978007985836
CMTSOLUTION_201211070626A	0.823803754555	0.146055544441	310.449645684	0.865440962862
CMTSOLUTION_201211071635A	0.979090853735	0.0687041701754	10036.9392398	0.99263809602
CMTSOLUTION_201211080201A	1.0327367292	0.115432946758	470.840326142	0.952029907553
CMTSOLUTION_201211101457A	1.01552874565	0.202067953169	24.5232123827	0.852126608162
CMTSOLUTION_201211110112A	2.04603914388	0.0828098760534	1401.94503613	0.983883447838
CMTSOLUTION_201211112215A	0.95948621442	0.0137871839236	273.631978542	0.990432914061
CMTSOLUTION_201211122042A	0.932306820977	0.0723042115312	944.233136332	0.979715568123
CMTSOLUTION_201211130431A	0.911998885885	0.0186014717071	441.426194013	0.986084286648
CMTSOLUTION_201211141902A	0.974182908465	0.0453604755845	1034.02621536	0.992898022264
CMTSOLUTION_201211150920A	1.00248768136	0.0385830272403	99.32534988	0.973900968674
CMTSOLUTION_201211161812A	0.947060056128	0.029820956666	5669.8919176	0.969541709621
CMTSOLUTION_201211190944A	1.06993642468	0.0770038595998	114.381735247	0.95559732094
CMTSOLUTION_201212070818A	1.12375911317	0.154892996084	17340.4857107	0.880247298186
CMTSOLUTION_201212070818B	1.12762132802	0.15752784158	17429.9682075	0.879112755028
CMTSOLUTION_201212070831A	1.09378971983	0.0877651435972	14281.8730497	0.871971320128
CMTSOLUTION_201212101653A	4.06002745939	0.117632545349	2559.30800454	-0.850388738106
CMTSOLUTION_201212110618A	1.41741937739	0.107797674126	54.8847341865	0.885839863621
CMTSOLUTION_201212141036A	0.926912001156	0.0139217178219	454.153513105	0.975139493673
CMTSOLUTION_201212150449A	0.90845669626	0.0527597121369	236.422936645	0.997999769108
CMTSOLUTION_201212151930A	1.39700794177	0.162219100982	88.3494150381	0.980168335389
CMTSOLUTION_201212231331A	1.02217413508	0.0471797615251	355.926434869	0.785585072746
CMTSOLUTION_201301050858A	0.947730084953	0.0539221430494	122473.205788	0.993415411178
CMTSOLUTION_201301081416A	NOT FOUND	NOT FOUND	897.705860143	0.389001540025
CMTSOLUTION_201301202332A	0.956565673059	0.00933434562549	275.912898869	0.982821497608
CMTSOLUTION_201301281638A	1.13977633774	0.166397953053	742.261607579	0.881196362266
CMTSOLUTION_201301302015A	1.00315145127	0.0946155184918	2351.76806294	0.959904680796
CMTSOLUTION_201301302303A	1.00537660752	0.201874718062	7.7599830886	0.950318425861
CMTSOLUTION_201301310333A	0.924178472665	0.115582161016	127.729529021	0.96541045042
CMTSOLUTION_201302010536A	1.05115979712	0.219422185303	45.5128110456	0.942724634635
CMTSOLUTION_201302012216A	1.37507041948	0.0490778697724	152.892785	0.918703438031
CMTSOLUTION_201302012218A	1.44545123189	0.0614421301937	168.174288005	0.925122900662
CMTSOLUTION_201302021417A	0.98548273159	0.0118331436437	1106.92866215	0.913276661735
CMTSOLUTION_201302060007A	1.41222823786	0.0320490219302	4251.9931987	0.876071681796
CMTSOLUTION_201302060112A	1.41530696835	0.0318747343574	1554.770301	0.909078141827
CMTSOLUTION_201302060123A	1.41438713877	0.0310005182694	912.60354909	0.90897088072
CMTSOLUTION_201302060154A	1.4150509707	0.0365149967	143.161402904	0.846781001523
CMTSOLUTION_201302060635A	0.980702905338	0.0300390673969	36.0036348296	0.945180608966
CMTSOLUTION_201302061153A	0.921415867356	0.0807123376018	22.9561311532	0.972167130236
CMTSOLUTION_201302160437A	1.21227166184	0.0736337788564	60.8532069025	0.954300546587
CMTSOLUTION_201302170542A	0.857598823364	0.0999774025584	73.2066286788	0.739101598637
CMTSOLUTION_201302221201A	2.52130967325	0.250261049667	58.1804795119	-0.8670063398
CMTSOLUTION_201303011253A	1.04373070301	0.0347132943335	3713.47525524	0.993082218377
CMTSOLUTION_201303011320A	1.04472594429	0.0338962727805	3196.80724054	0.963089003366
CMTSOLUTION_201303102251A	1.08662500177	0.0910114698789	2161.39411758	0.750027114207
CMTSOLUTION_201303190329A	2.90146356656	0.773412454482	115.278614062	-0.834395567752
CMTSOLUTION_201303202228A	0.961612550016	0.0581786591697	319.27187321	0.979574395458
CMTSOLUTION_201303240418A	1.05870211416	0.146053647502	535.218600117	0.987618490032
CMTSOLUTION_201303252302A	NOT FOUND	NOT FOUND	112.612646922	0.525072710898
CMTSOLUTION_201304011853A	1.22961702576	0.0846778757248	471.260506738	0.974237263844
CMTSOLUTION_201304051300A	0.718728346303	0.0316532450328	105.89973492	-0.830106716952
CMTSOLUTION_201304060442A	0.763217402598	0.0373062329358	3387.54559277	0.988711065249
CMTSOLUTION_201304061126A	1.17611893898	0.0871526491415	70.6415699219	0.775863578791
CMTSOLUTION_201304091152A	1.27566976348	0.0330440049944	1657.43407996	0.672579233818
CMTSOLUTION_201304140132A	0.993748853489	0.0243713971099	429.547984399	0.868317146177
CMTSOLUTION_201304161044A	0.848049642427	0.0301628096471	41861.6133718	0.956532324443
CMTSOLUTION_201304162255A	2.87572261907	0.894792804695	656.920367172	0.757793456796
CMTSOLUTION_201304190305A	0.936222788222	0.0146345149115	5531.67159017	0.984621681567
CMTSOLUTION_201304191958A	1.20708920733	0.113874393896	153.935077466	0.978117794291
CMTSOLUTION_201304200002A	1.01256106352	0.0481552210394	2167.19939051	0.977816120694
CMTSOLUTION_201304201312A	1.07338205669	0.0266338994436	177.907420726	0.962850730272
CMTSOLUTION_201304210322A	1.45085221147	0.194016719827	130.814061824	-0.78548789739
CMTSOLUTION_201304220116A	0.975682037078	0.0764686666182	678.249084147	0.985809794201
CMTSOLUTION_201304232314A	0.58946981495	0.168364862889	634.401267428	0.787543308537
CMTSOLUTION_201304300625A	0.883843996326	0.00136696997718	444.880940288	0.984943086066
CMTSOLUTION_201305110208A	1.09133254178	0.150772960195	1018.58836692	0.765612942027
CMTSOLUTION_201305140032A	0.665462648888	0.0178656571847	298.908321442	-0.677266624181
CMTSOLUTION_201305180548A	1.02957814206	0.106691078584	55.5827950966	0.89971993842
CMTSOLUTION_201305190907A	0.930294518642	0.0554075142745	291.806838411	0.986315360075
CMTSOLUTION_201305200949A	0.856218827665	0.0687035268327	868.557535607	0.994522820895
CMTSOLUTION_201305210155A	1.02657371629	0.0134659128099	345.049257874	0.957741273258
CMTSOLUTION_201305210543A	1.02544190418	0.0764197389869	76.6304263453	0.830661432286
CMTSOLUTION_201305241456A	2.40577993762	0.27628565733	92.591219019	-0.701824007692
CMTSOLUTION_201305280009A	0.814627395011	0.0430636552987	114.905692366	0.934343203593
CMTSOLUTION_201306020543A	1.57463417001	0.0509719929733	345.18776393	0.848864367667
CMTSOLUTION_201306050447A	1.0869874372	0.0968897509586	408.060873065	0.992917998091
CMTSOLUTION_201306061153A	NOT FOUND	NOT FOUND	32.9809670168	0.583699159765
CMTSOLUTION_201306131647A	1.13134798992	0.225726180186	549.1440489	0.692134758376
CMTSOLUTION_201306151611A	0.990672139298	0.0671612246224	2281.45709212	0.83594997888
CMTSOLUTION_201306151734A	0.967798269065	0.0204749248432	72.0852373392	0.922933219441
CMTSOLUTION_201306162139A	1.0757051647	0.0301492451356	1449.99572168	0.814943634202
CMTSOLUTION_201306242204A	0.921543678994	0.0663493069272	3612.60106319	0.977290933
CMTSOLUTION_201307020737A	0.980282481056	0.246385262044	469.334007187	0.794687090687
CMTSOLUTION_201307041716A	1.23726926678	0.0522788569664	248.563876016	0.862546364231
CMTSOLUTION_201307060505A	0.714240954404	0.0796082773421	257.750396024	0.826101012489
CMTSOLUTION_201307071835A	2.63493774516	0.0913580319877	1192.56262065	0.620241360895
CMTSOLUTION_201307072030A	2.35774270498	0.140163990397	5.92156310051	0.839877461718
CMTSOLUTION_201307081530A	0.799004017229	0.0906100445115	16.2265564566	0.929634374632
CMTSOLUTION_201307151403A	1.52745010828	0.108969171585	3905.80951177	0.973540134391
CMTSOLUTION_201307170237A	0.779747852074	0.0482069920918	375.665827107	0.996178335127
CMTSOLUTION_201307212345A	0.75219877343	0.0715874144312	602.663794011	0.895489989216
CMTSOLUTION_201307220701A	1.02015147073	0.0211355306041	1443.86263021	0.950612632072
CMTSOLUTION_201308070906A	1.08952352646	0.0896772368771	110.457367805	0.983491216527
CMTSOLUTION_201308120053A	0.708236366749	0.313122661468	60.7472215318	0.619699511248
CMTSOLUTION_201308120949A	0.98395278379	0.0223247039866	138.925869201	0.982428829664
CMTSOLUTION_201308131543A	0.996315457027	0.0845397553745	581.704532077	0.954398543109
CMTSOLUTION_201308171632A	0.987303532474	0.0250249342329	496.15874803	0.915363201691
CMTSOLUTION_201308211238A	1.01408943781	0.0474450094465	267.01870423	0.980618330846
CMTSOLUTION_201308301625B	0.917443319445	0.00735382256865	6775.59341526	0.9961415085
CMTSOLUTION_201308310638A	0.952517359553	0.0293847897493	381.67405374	0.984436931469
CMTSOLUTION_201309011152A	1.72063311902	0.295795292584	336.215794615	0.694728708486
CMTSOLUTION_201309032019A	1.01041405167	0.0301625879154	1321.65300483	0.995383273235
CMTSOLUTION_201309040018A	1.35759595127	0.141949382551	645.890106312	-0.918721134737
CMTSOLUTION_201309040023A	1.25739815461	0.112652299907	545.534435541	-0.955647905388
CMTSOLUTION_201309040232A	0.930665133406	0.0191607829791	230.551545399	0.99707913198
CMTSOLUTION_201309040627A	0.962429231026	0.0234765164594	69.3170335406	0.990938475963
CMTSOLUTION_201309050401A	0.936276252566	0.0196274996742	1809.61892157	0.99295324825
CMTSOLUTION_201309061133A	NOT FOUND	NOT FOUND	51.1039386458	-0.483852871032
CMTSOLUTION_201309070013A	1.09869846374	0.0408579635096	1997.97498788	0.975148598672
CMTSOLUTION_201309111244A	1.14085843259	0.0842824022105	91.7978007647	0.90099193929
CMTSOLUTION_201309151621A	0.928755333734	0.0163763222768	343.447479719	0.997260556104
CMTSOLUTION_201309161501A	1.06894056468	0.209461829838	79.1792999531	0.817440129397
CMTSOLUTION_201309170409A	0.667281595056	0.0993388311628	104.062672228	0.935611752667
CMTSOLUTION_201309210139A	NOT FOUND	NOT FOUND	40.0665778602	-0.586431527644
CMTSOLUTION_201309241129A	NOT FOUND	NOT FOUND	174083.294244	0.513918147614
CMTSOLUTION_201309251642A	0.809140625884	0.0669069845805	1640.09889341	0.973087887332
CMTSOLUTION_201309260118A	NOT FOUND	NOT FOUND	55.2370231313	0.426982100274
CMTSOLUTION_201309280734A	2.31781518481	0.0796227606674	10697.9371472	0.860402943859
CMTSOLUTION_201309300816A	0.881756855585	0.0469112766855	9.93149888724	0.969705788864
CMTSOLUTION_201310010338A	1.93881020357	0.352753595967	887.552221263	-0.72991513306
CMTSOLUTION_201310011941A	0.983538022609	0.0524060615121	275.568175304	0.990167521149
CMTSOLUTION_201310041726A	NOT FOUND	NOT FOUND	477.496112066	0.335529534127
CMTSOLUTION_201310060137A	0.973664759149	0.0519702778214	70.0224628133	0.952052144904
CMTSOLUTION_201310061638A	0.753350885853	0.0681082645012	79.4616711155	0.973984802179
CMTSOLUTION_201310062133A	0.970163091774	0.119029405757	90.8899149114	0.811309192622
CMTSOLUTION_201310120210A	0.925701328192	0.0908108727093	137.628997024	0.824894300995
CMTSOLUTION_201310121311A	1.00889067348	0.0413375215642	6804.13738798	0.841611006614
CMTSOLUTION_201310150012A	1.18311493654	0.0585064656609	3064.41589854	0.823540263279
CMTSOLUTION_201310161031A	1.13145506267	0.0302419617038	1457.21021829	0.925891913535
CMTSOLUTION_201310191754A	0.98489587013	0.0258768474653	2634.4410579	0.872065193713
CMTSOLUTION_201310241925A	1.06705525033	0.0627584375879	76.0583233279	0.974560009615
CMTSOLUTION_201310251710A	0.747521384952	0.102320733255	10453.5904938	0.964501419961
CMTSOLUTION_201310300251A	0.808738773397	0.0302643270068	662.157405356	0.993699220734
CMTSOLUTION_201310311202A	1.69323086036	0.127863814769	359.04055152	0.690098478199
CMTSOLUTION_201310312303A	0.897811902558	0.0392821720357	1941.56320126	0.996816377377
CMTSOLUTION_201311031103A	1.98551518533	0.0972832711355	22.1481879869	-0.646312901715
CMTSOLUTION_201311120703A	0.939012445625	0.0419204384701	966.343871891	0.991541133083
CMTSOLUTION_201311132345A	1.0949282882	0.114101315539	138.665356478	0.988399818557
CMTSOLUTION_201311160334A	1.00524267929	0.0547579159583	1696.37901677	0.988387120036
CMTSOLUTION_201311170904A	1.08670362571	0.10134016933	20465.4006038	0.958955530157
CMTSOLUTION_201311191332A	0.72637482782	0.0436994221265	187.045042281	0.875242137664
CMTSOLUTION_201311220651A	1.40363920583	0.0219632458698	66.3217247314	0.943567049933
CMTSOLUTION_201311221830A	1.52027522408	0.104827514603	55.8224930247	0.688921933621
CMTSOLUTION_201311241805A	1.21332282054	0.0926115122896	88.5382742471	0.600410274205
CMTSOLUTION_201311250627B	0.8625789624	0.0107060598502	1329.6387218	0.956603128995
CMTSOLUTION_201312010124A	1.59070984289	0.190035161151	574.832308504	0.90796143466
CMTSOLUTION_201312010629A	0.718410540042	0.0484908665451	78.015540927	0.882609453277
CMTSOLUTION_201312172338A	1.68580265469	0.21733580942	195.955359495	0.670710385508
CMTSOLUTION_201312281521A	1.00359498624	0.119147723225	874.771645068	0.929046342068
CMTSOLUTION_201401130401A	0.790299926407	0.023670160957	1222.98848322	0.95347604093
CMTSOLUTION_201401250514A	0.856782560747	0.0936528148032	126.957950457	0.884893434799
CMTSOLUTION_201401261355A	NOT FOUND	NOT FOUND	1201.11612163	0.289452556395
CMTSOLUTION_201401261845A	NOT FOUND	NOT FOUND	70.7545746746	0.455329433327
CMTSOLUTION_201401282222A	0.951773439854	0.0422769091315	129.032988124	0.984095437358
CMTSOLUTION_201402010358A	0.858584481836	0.0403399994397	102.520392233	0.985938951558
CMTSOLUTION_201402030308A	0.912955432875	0.141553866705	1474.08921895	0.664719900732
CMTSOLUTION_201402101206A	1.6151439445	0.0999076928988	39.1210890636	0.987327832325
CMTSOLUTION_201402120919A	NOT FOUND	NOT FOUND	13075.4702669	-0.32306098367
CMTSOLUTION_201402180927A	NOT FOUND	NOT FOUND	367.078125209	0.330301324577
CMTSOLUTION_201402262113B	0.507599495222	0.0157147666087	109.068238434	0.771898683629
CMTSOLUTION_201403020937A	1.00939937608	0.0436109043699	1024.04048467	0.97961572756
CMTSOLUTION_201403022011A	NOT FOUND	NOT FOUND	454.338629226	0.585049873804
