event	E	sd	signal/noise	char_func_max
CMTSOLUTION_200801011855A	0.949251101851	0.0550428121065	329.085393356	0.985005770892
CMTSOLUTION_200801040729A	1.10648700386	0.0537574337374	131.274845696	0.837918503773
CMTSOLUTION_200801051101A	1.15139988437	0.0198242553919	1392.07593917	0.972006048909
CMTSOLUTION_200801051144A	1.14972384375	0.0339295370353	114.010906823	0.938544633317
CMTSOLUTION_200801060514A	0.947294131733	0.0728388288532	491.076591202	0.923095989226
CMTSOLUTION_200801090826A	0.750966555272	0.0487698159427	2296.3437821	0.957327522659
CMTSOLUTION_200801091440A	0.981105704684	0.019817985737	405.13835948	0.97288626387
CMTSOLUTION_200801100137A	0.879615819386	0.0231529239332	855.337449912	0.937696556962
CMTSOLUTION_200801202026A	1.01944727369	0.0723822450158	29.8614963716	0.840239924557
CMTSOLUTION_200801221714A	1.0367799691	0.232276752257	106.415365409	0.813129887986
CMTSOLUTION_200801300732A	3.4031390634	0.21832198577	121.795557192	-0.794570325052
CMTSOLUTION_200802041701A	0.915054877279	0.0718842787941	368.108670209	0.958559308792
CMTSOLUTION_200802080938A	0.91761272274	0.0557834913481	12074.4274767	0.953690775193
CMTSOLUTION_200802091833A	0.896809150531	0.0442197044196	182.057463666	0.943562664468
CMTSOLUTION_200802101222A	1.11085047713	0.0842093128942	1061.99844653	0.927939754137
CMTSOLUTION_200802121250A	0.955257218637	0.0281123807101	1207.81731618	0.991261793973
CMTSOLUTION_200802131958A	2.56746287326	0.251466656697	317.903222601	-0.938159495718
CMTSOLUTION_200802141009A	0.683111603104	0.0594963287475	5020.05351651	0.956436041931
CMTSOLUTION_200802141208A	0.795347082915	0.0170826486909	21.1504425678	0.851473707741
CMTSOLUTION_200802161445A	1.04136129962	0.0631339684939	143.375757189	0.96848677318
CMTSOLUTION_200802200808A	1.69739921363	0.0125883894902	4887.2542591	0.639602788855
CMTSOLUTION_200802201827A	0.749736416281	0.0819692874122	3010.73222742	0.976621209868
CMTSOLUTION_200802210246A	0.984709493212	0.0362672312701	2131.1255324	0.997106424086
CMTSOLUTION_200802211416A	1.04390761407	0.0291808275494	249.74956476	0.993439956463
CMTSOLUTION_200802231557A	1.44316187983	0.034345162813	187.329083066	0.895957713071
CMTSOLUTION_200802241446A	0.875251139452	0.143747836019	184.375827775	0.786032301782
CMTSOLUTION_200802250836A	1.21067020983	0.142632587816	1751.46181175	0.761213215145
CMTSOLUTION_200802251806A	0.885195578366	0.14000717045	320.43393298	0.732945408022
CMTSOLUTION_200802252102A	1.85839773776	0.337785713653	52.0324685437	-0.676415558283
CMTSOLUTION_200802270654A	1.40387153922	0.0154821127761	119.195801365	0.955506510426
CMTSOLUTION_200803030237A	NOT FOUND	NOT FOUND	67.3841512989	-0.599716883406
CMTSOLUTION_200803030931A	0.884312600675	0.0647881414552	1724.18484379	0.990721275584
CMTSOLUTION_200803031349A	1.57897934725	0.545236412488	580.15127742	0.818983464298
CMTSOLUTION_200803031411A	1.4144536445	0.481372867074	750.405922006	0.859999899012
CMTSOLUTION_200803131328A	1.03134751542	0.073283009352	106.050569427	0.784033473661
CMTSOLUTION_200803142232A	1.50422986754	0.0233326630423	155.034721414	0.835556827839
CMTSOLUTION_200803151443A	1.40575951257	0.146368016228	46.2423786086	0.935769022789
CMTSOLUTION_200803201410A	0.806410884877	0.020475326672	201.978687434	0.953263378193
CMTSOLUTION_200803202233A	1.49138902162	0.71602921376	32160.8319975	0.671561314004
CMTSOLUTION_200803222124A	1.02020677512	0.0574207722714	82.9080907764	0.943085850404
CMTSOLUTION_200803242039A	0.878348564863	0.0448387313799	185.430722142	0.983602555554
CMTSOLUTION_200803291730A	1.30560737247	0.0583545091725	416.970747211	0.878345843043
CMTSOLUTION_200804140945A	0.892761284647	0.00409144889163	199.209614312	0.990019053796
CMTSOLUTION_200804150303A	0.883212511687	0.0391473848758	305.00040812	0.976240904863
CMTSOLUTION_200804152259A	0.964087581152	0.0714518382937	1270.7102624	0.973924022303
CMTSOLUTION_200804160554A	1.03722070043	0.0857364680116	2020.69598528	0.974866803854
CMTSOLUTION_200804190312A	1.07569022169	0.0865207278421	116.8814891	0.978195218158
CMTSOLUTION_200804231828A	1.30718868358	0.179280701722	129.823228992	0.604754738156
CMTSOLUTION_200804241214A	0.795916979148	0.0429038755849	648.707565267	0.987085366015
CMTSOLUTION_200804281557A	NOT FOUND	NOT FOUND	58.6370012691	-0.589017651983
CMTSOLUTION_200805020133A	0.905259791429	0.0516623894824	1439.81251969	0.937881332113
CMTSOLUTION_200805071602A	NOT FOUND	NOT FOUND	3785.42406134	0.487466615535
CMTSOLUTION_200805071616A	NOT FOUND	NOT FOUND	3553.21432362	0.484590303605
CMTSOLUTION_200805071645A	NOT FOUND	NOT FOUND	403.630340227	-0.451046094426
CMTSOLUTION_200805092151A	1.1114946547	0.049998514295	1581.9004206	0.988297254564
CMTSOLUTION_200805121111A	1.02855154936	0.0512897180054	12.4757117525	0.968700361328
CMTSOLUTION_200805191426A	0.93793564237	0.287432276767	98.6905279731	0.610533389824
CMTSOLUTION_200805201353A	0.919614497684	0.0504784314017	325.202821035	0.972221385661
CMTSOLUTION_200805231935A	0.903454534246	0.0461310530481	6925.56806972	0.986263866794
CMTSOLUTION_200805250821A	0.907719228016	0.0586717515782	1168.17379178	0.862072798774
CMTSOLUTION_200805291546A	0.958642185325	0.0443653184155	5326.1091769	0.995108399165
CMTSOLUTION_200805310437A	0.73614189064	0.102201523927	585.26204694	0.750930437476
CMTSOLUTION_200806010157A	1.13373190415	0.11347149734	146.192556671	0.828253019755
CMTSOLUTION_200806031620A	0.899819778641	0.0504375150942	366.972180738	0.987138908414
CMTSOLUTION_200806032204A	0.657452231476	0.025687451189	41.5250227181	0.905847588637
CMTSOLUTION_200806050216A	0.905195656217	0.016235578244	160.546562326	0.970105935457
CMTSOLUTION_200806061342A	1.37117355915	0.0692513726497	44.268260924	0.963597429684
CMTSOLUTION_200806081225A	NOT FOUND	NOT FOUND	1013.34287535	0.478712650148
CMTSOLUTION_200806132343A	0.732004465038	0.104214161923	4342.91090116	0.918796293537
CMTSOLUTION_200806150837A	0.921642144344	0.152314467872	79.350138636	0.927188359238
CMTSOLUTION_200806222356A	0.939067292938	0.0271686814051	73.4238776076	0.999264683538
CMTSOLUTION_200806271140A	0.962960061965	0.054995685246	1419.761216	0.944990292443
CMTSOLUTION_200806281254A	1.06597654122	0.0867598040649	372.632255969	0.973328711282
CMTSOLUTION_200806292053A	NOT FOUND	NOT FOUND	11.6960801259	0.580858991989
CMTSOLUTION_200806300617A	2.95469061131	0.280973567534	2799.41353641	-0.694591658056
CMTSOLUTION_200807050212A	2.27638642035	0.142615450654	20542.999039	-0.882145384628
CMTSOLUTION_200807080742A	1.30538268392	0.179265468193	130.751543005	0.925482466237
CMTSOLUTION_200807080913A	1.1563539947	0.192896027121	6.90377580308	-0.899766590363
CMTSOLUTION_200807131458A	1.50707322491	0.21817309279	717.083991668	0.932495599251
CMTSOLUTION_200807150326A	1.27221444365	0.0514741907626	2678.48661339	0.99126284501
CMTSOLUTION_200807190239A	1.27082716525	0.0329713792206	5987.48911109	-0.64271216333
CMTSOLUTION_200807190927A	1.1133189872	0.0621927522048	629.568642177	0.987500444857
CMTSOLUTION_200807191101A	1.11143511395	0.0611383255261	8.61097616367	0.986076722483
CMTSOLUTION_200807231526A	0.982614948072	0.136690227489	727.779792734	0.945980846718
CMTSOLUTION_200807240143A	0.908790268824	0.0460996089581	815.20924506	0.997265599132
CMTSOLUTION_200807282140A	1.07570907946	0.0337979057022	338.207066752	0.915334323262
CMTSOLUTION_200808042045A	DiffNPTS	DiffNPTS	DiffDelta	DiffNPTS
CMTSOLUTION_200808050949A	1.07138490985	0.04918553395	178.290178293	0.625427954297
CMTSOLUTION_200808100820A	0.955865508645	0.0285047602681	569.86114835	0.939899383666
CMTSOLUTION_200808112338A	1.0046409997	0.0646541524452	711.117578647	0.965489885469
CMTSOLUTION_200808151025A	1.40079228603	0.141152325737	169.410777864	0.606568669284
CMTSOLUTION_200808211224A	1.35614931127	0.117567533219	339.267607021	0.969485266636
CMTSOLUTION_200808220747A	0.899144992307	0.0667665708825	210.127851376	0.935503771766
CMTSOLUTION_200808251322A	0.96071978779	0.10494648632	1776.7726396	0.676765483804
CMTSOLUTION_200808262100A	1.31492707888	0.0668576396102	398.278708275	0.897633435478
CMTSOLUTION_200808270135A	1.38566402765	0.0248380449162	821.504143368	0.697721337063
CMTSOLUTION_200808281522A	1.15704641932	0.0361186109291	574.253333191	0.973421515314
CMTSOLUTION_200808300654A	0.888528760424	0.115966157989	536.280487597	0.944018511394
CMTSOLUTION_200809031125A	NOT FOUND	NOT FOUND	108.648941873	-0.409430720751
CMTSOLUTION_200809101100A	0.887801810981	0.0548880856148	13448.2074422	-0.962111674429
CMTSOLUTION_200809101308A	0.948192102592	0.0546285626362	1979.26583354	0.988930946391
CMTSOLUTION_200809110000A	NOT FOUND	NOT FOUND	21039.7428012	-0.398778439707
CMTSOLUTION_200809110020A	NOT FOUND	NOT FOUND	11582.3857138	0.380129678222
CMTSOLUTION_200809180141A	0.881521575759	0.0166296297589	184.550540228	0.945236622196
CMTSOLUTION_200809240233A	1.01895039917	0.013457750636	1309.92159174	0.989736361243
CMTSOLUTION_200809250147A	0.659265750685	0.0422353271158	311.14004604	0.654113615881
CMTSOLUTION_200810051552A	0.975267540209	0.185281313424	2857.89201731	0.939488753706
CMTSOLUTION_200810060830A	1.04790147979	0.0208722217954	814.34203078	0.916324735398
CMTSOLUTION_200810110906A	1.33603962384	0.0245110991676	502.025499706	0.974729143974
CMTSOLUTION_200810111040A	3.92587459884	0.473997086488	86.1542282484	-0.662693113648
CMTSOLUTION_200810122055A	0.989147104598	0.178237898835	106.509410572	0.888743943614
CMTSOLUTION_200810140206A	NOT FOUND	NOT FOUND	37.3539298523	0.46333918797
CMTSOLUTION_200810161941A	1.59187752008	0.0272388077149	869.031372582	-0.968784779353
CMTSOLUTION_200810231004A	0.89677856728	0.0099282863939	311.95131719	0.716653380537
CMTSOLUTION_200810281600A	0.988669151276	0.0269506614392	280.564754648	0.97789053556
CMTSOLUTION_200810282309A	1.59076576222	0.207296787398	1333.29271896	0.779538840459
CMTSOLUTION_200810291132A	1.25260407894	0.51177476459	1296.51364522	0.682254247609
CMTSOLUTION_200810301515A	0.880955565048	0.0516660949652	94.0381723207	0.979093528196
CMTSOLUTION_200811010113A	1.17430482359	0.109094995509	39.9526565163	0.86107949475
CMTSOLUTION_200811021348A	0.9093178117	0.0498468198265	289.227858374	0.979012031508
CMTSOLUTION_200811071604A	1.16192947583	0.0881132057347	108.050350543	-0.690859409305
CMTSOLUTION_200811100122A	2.5247398481	0.355457200451	1105.7694482	-0.756459919587
CMTSOLUTION_200811161702A	2.30801203877	0.0951032674878	9055.15021858	0.944443753665
CMTSOLUTION_200811190611A	0.982001488101	0.053225552395	630.35365431	0.982958916604
CMTSOLUTION_200811210705A	1.02034045938	0.160307433234	32.9571373689	0.928398025807
CMTSOLUTION_200811221600A	0.58428235223	0.0115533823553	1534.40884779	0.987373531406
CMTSOLUTION_200811221849A	0.98194435607	0.0680524176027	79.678184892	0.960475621365
CMTSOLUTION_200811240902A	2.47810365099	0.140006869808	3255.5873565	-0.749715440031
CMTSOLUTION_200812061055A	2.14763778131	0.120285012639	110.011206159	-0.609454652721
CMTSOLUTION_200812081839A	3.24170802811	0.138508365567	288.983920687	0.758322494437
CMTSOLUTION_200812130827A	0.622832509077	0.0451994812881	23.578019916	0.958449865018
CMTSOLUTION_200812172157A	0.243617551037	0.0147358047153	71.8252101851	-0.708826736336
CMTSOLUTION_200812182119A	0.988102704284	0.0331905635327	266.336875579	0.957939567169
CMTSOLUTION_200812190831A	1.02892707849	0.0476960773988	796.568977279	0.985579860756
CMTSOLUTION_200812201029A	1.63438598966	0.139906323898	778.546584772	0.736657539325
CMTSOLUTION_200812250320A	1.00535640052	0.195748245862	174.006051579	0.681817039276
CMTSOLUTION_200812282259A	1.04257624495	0.116263562879	18.9179571736	0.887383662262
CMTSOLUTION_200901031943A	1.52047265692	0.17217327191	5945.72766316	0.824607629745
CMTSOLUTION_200901032233A	1.07872915329	0.0185308992081	21.8481161023	-0.623036287419
CMTSOLUTION_200901062248A	0.654912390016	0.0401942083602	14.0441286851	0.798309997038
CMTSOLUTION_200901081921A	0.930697447799	0.0401375864589	576.895149942	0.97599582761
CMTSOLUTION_200901130104A	1.17398588833	0.253214941003	154.223256021	0.867653085791
CMTSOLUTION_200901151749A	0.906978773577	0.0584617226241	3328.26686621	0.882390138616
CMTSOLUTION_200901221340A	1.01966903213	0.036954047249	260.041458966	0.995466042217
CMTSOLUTION_200901222016A	1.15566615819	0.0605481710687	85.9534322301	-0.916178110686
CMTSOLUTION_200902111734A	1.87198051274	0.138317041563	4495.79885406	-0.944248492593
CMTSOLUTION_200902111825A	1.87395085962	0.134285320562	52.3932758245	-0.949649268445
CMTSOLUTION_200902120349A	1.15347575481	0.0626280250254	292.573197376	0.980269629822
CMTSOLUTION_200902120830A	1.09148064018	0.13460125903	44.5435425027	0.851548041658
CMTSOLUTION_200902121315A	1.07224887949	0.0826722219291	225.512543658	0.982102269331
CMTSOLUTION_200902151004A	1.15415594316	0.00786709955105	95.7179847659	0.973766062258
CMTSOLUTION_200902162316A	1.03979888489	0.147183949788	363.10129707	0.875226391819
CMTSOLUTION_200902170528A	0.547175693282	0.0720179255896	7.96835290424	-0.936477835754
CMTSOLUTION_200902221745A	0.814644848034	0.0634741600449	123.070075228	0.901146234259
CMTSOLUTION_200902281433A	1.21692117859	0.161432797186	117.766281226	0.887009975634
CMTSOLUTION_200903061050A	0.952202020124	0.0736310945679	2145.44457471	0.985836947577
CMTSOLUTION_200903122323A	0.98772100563	0.0959111160538	568.3653331	0.95110306692
CMTSOLUTION_200903161415A	1.11835763304	0.12745369585	383.452183887	0.872420328181
CMTSOLUTION_200904010355A	0.81411171631	0.0418855192219	633.757485252	0.902142191887
CMTSOLUTION_200904040531A	0.797143260917	0.037405981314	409.797013107	0.950398799517
CMTSOLUTION_200904070423A	0.97898195721	0.0561579827868	6558.9567141	0.984357064838
CMTSOLUTION_200904152001A	1.04208945279	0.097899172661	81.8775198493	0.949880360677
CMTSOLUTION_200904161457A	1.11960139096	0.128593056613	659.380732904	0.96993519572
CMTSOLUTION_200904170208A	0.700520305256	0.0362197637419	97.2525632852	0.968298332154
CMTSOLUTION_200904181917A	0.970791766216	0.0508444379153	1630.13067929	0.986214745938
CMTSOLUTION_200904190523A	1.80275114547	0.176896251559	42.5233014766	-0.892099460173
CMTSOLUTION_200904210526A	1.07953148964	0.0657239748006	176.007660289	0.977564447695
CMTSOLUTION_200904251718A	0.884961154407	0.0837028740733	74.8684421672	0.966285271609
CMTSOLUTION_200904281954A	1.00016595688	0.143364356589	82.8329412618	0.913386379947
CMTSOLUTION_200905031621A	0.955567259903	0.0255595851733	252.596026402	0.987870674527
CMTSOLUTION_200905100116A	1.01039113841	0.0745874913817	540.241981198	0.945861838551
CMTSOLUTION_200905120126A	0.970146968955	0.0236096357892	103.374891017	0.958999936178
CMTSOLUTION_200905191735A	0.917492305082	0.0893514493585	91.6262365717	0.959895271422
CMTSOLUTION_200905241617A	NOT FOUND	NOT FOUND	122.802519932	0.480021820319
CMTSOLUTION_200905280824A	1.09279975544	0.0667075769986	4643.56603017	0.992503074635
CMTSOLUTION_200906041725A	1.03318735437	0.0568815010722	265.107688625	0.90636773653
CMTSOLUTION_200906050330A	2.20797875974	0.310989041246	3168.64130111	0.752147332428
CMTSOLUTION_200906062033A	0.914364431	0.046098965311	160.506730887	0.977092345357
CMTSOLUTION_200906140558A	0.658529027729	0.0341862562353	479.279517586	0.964574260888
CMTSOLUTION_200906162005A	1.22623402007	0.0510454265907	333.296308891	0.94827593285
CMTSOLUTION_200906191405A	0.73653062415	0.137000726214	245.30059424	0.785351144648
CMTSOLUTION_200906200828A	NOT FOUND	NOT FOUND	16.5294580176	0.405540316063
CMTSOLUTION_200906231419A	0.706464095117	0.0153113322583	449.185528213	0.872304515118
CMTSOLUTION_200907010930A	0.921248718064	0.0791077954723	2562.59962736	0.959830583647
CMTSOLUTION_200907040649A	0.823822446717	0.0384773880445	214.617165547	0.965930566017
CMTSOLUTION_200907061453A	1.09489550576	0.0187111732446	124.416879508	0.905277505665
CMTSOLUTION_200907071911A	1.02858789851	0.0586291669504	488.668090181	0.991445935822
CMTSOLUTION_200907081923A	1.16855620236	0.0754132559455	203.781821724	0.948332379019
CMTSOLUTION_200907120612A	3.18323445834	0.539180957758	75.3741096204	-0.895090305109
CMTSOLUTION_200907131805A	0.800745325306	0.119416951833	896.521265309	0.873502971714
CMTSOLUTION_200907300737A	1.72639037782	0.177986548376	9.96181610028	0.722619952513
CMTSOLUTION_200908020854A	1.65012724339	0.276322082255	78.4602528811	0.915438681236
CMTSOLUTION_200908031800A	1.20801039476	0.128896315121	4628.53901675	0.844345939579
CMTSOLUTION_200908031840A	1.1544356254	0.163161058112	1072.50975343	0.785906979075
CMTSOLUTION_200908050018A	0.880197343296	0.0580935216275	437.219258444	0.956673337073
CMTSOLUTION_200908091055A	0.862148558277	0.131845927806	1186.59247076	0.601594951447
CMTSOLUTION_200908100406A	0.883928198526	0.0650829045388	545.462736428	0.996511900635
CMTSOLUTION_200908101955A	1.22126486149	0.130791757227	7107.69291181	0.90771185593
CMTSOLUTION_200908122248A	1.07101567243	0.0931505528308	1119.15799652	0.971987856968
CMTSOLUTION_200908160738A	DiffNPTS	DiffNPTS	DiffDelta	DiffNPTS
CMTSOLUTION_200908170005A	0.884351314785	0.0379510679598	13604.1633186	-0.615716485919
CMTSOLUTION_200908171011A	1.18160174561	0.0636887471404	501.407920271	0.843642162238
CMTSOLUTION_200908200635A	1.04007464469	0.0598419678289	1277.05797017	0.987770157842
CMTSOLUTION_200908280151A	NOT FOUND	NOT FOUND	1719.36079042	-0.464205826861
CMTSOLUTION_200908280152A	1.46490715355	0.0549397753193	1240.58685185	0.761939318907
CMTSOLUTION_200909020755A	1.23078744732	0.239226154575	3956.5831785	0.884860668275
CMTSOLUTION_200909031326A	NOT FOUND	NOT FOUND	102.34545452	-0.184789757053
CMTSOLUTION_200909062149A	0.948758084751	0.124606350223	315.899030825	0.904142627845
CMTSOLUTION_200909071612A	2.46477019467	0.389413479956	197.887639493	0.680031740729
CMTSOLUTION_200909072241A	1.23911644533	0.0366004211716	957.920431677	0.962793335363
CMTSOLUTION_200909122006A	1.01117138314	0.0437416474161	930.116175879	0.963310852453
CMTSOLUTION_200909172321A	1.4791138563	0.23221194311	144.088208102	0.846876787204
CMTSOLUTION_200909210853A	1.10696810305	0.391213138212	287.03397678	0.859732610982
CMTSOLUTION_200909240716A	0.955373193675	0.0194374974394	1348.1818413	0.98269443196
CMTSOLUTION_200909301016A	0.709997181213	0.142210564727	11541.057123	0.877190129427
CMTSOLUTION_200910010152A	1.13372875064	0.127976327757	1508.70730045	0.922856064824
CMTSOLUTION_200910041058A	NOT FOUND	NOT FOUND	134.074938931	-0.460719087018
CMTSOLUTION_200911280604A	1.04618023829	0.0396843608947	116.90238177	0.945776800286
CMTSOLUTION_200911281810A	0.80192438193	0.0201827018038	148.83884506	0.958899859779
CMTSOLUTION_200912091600A	1.01280277928	0.077643645384	1440.81614469	0.977044187369
CMTSOLUTION_200912100230A	2.43687015812	0.0999253259188	169.382827885	-0.895075585035
CMTSOLUTION_200912170137A	NOT FOUND	NOT FOUND	1122.95354593	0.198087443317
CMTSOLUTION_200912171455A	NOT FOUND	NOT FOUND	80.1096133844	0.301744288464
CMTSOLUTION_200912191302A	0.932239319658	0.0669540243066	1108.57509437	0.994191705354
CMTSOLUTION_200912192319A	0.935104583392	0.027829192403	214.928821593	0.980164748226
CMTSOLUTION_200912240023A	NOT FOUND	NOT FOUND	178.356597661	0.533472597045
CMTSOLUTION_200912260857A	1.06440421645	0.0703417399008	117.729777011	0.960775238859
CMTSOLUTION_201001020845A	0.794349598252	0.150989394385	162.196129872	0.953242432254
CMTSOLUTION_201001032148A	0.935523965847	0.0516459399402	1371.6532032	0.867922020033
CMTSOLUTION_201001032236A	0.854502931104	0.0444696073868	869.875940312	0.865094654894
CMTSOLUTION_201001050455A	1.06241427391	0.043780741917	1355.68195346	0.978710113351
CMTSOLUTION_201001051215A	1.29749788191	0.0633035756419	1336.36624202	0.954165000045
CMTSOLUTION_201001051311A	1.27387053327	0.0594923204446	92.6053780593	0.957851019801
CMTSOLUTION_201001090551A	NOT FOUND	NOT FOUND	28.6389945792	-0.126577087496
CMTSOLUTION_201001171200A	1.02355067538	0.0186649351773	231.891023989	0.950711261368
CMTSOLUTION_201001181556A	1.04578073116	0.0417389420249	163.363005869	-0.961971421877
CMTSOLUTION_201001220046A	NOT FOUND	NOT FOUND	74.4524633579	-0.240002812269
CMTSOLUTION_201002012228A	0.925972027797	0.0625848261305	247.391417167	0.967762893588
CMTSOLUTION_201002050659A	1.00470711265	0.134197252205	247.277857211	0.969975614849
CMTSOLUTION_201002060444A	1.03064580433	0.0487315111822	467.52770447	0.995874685508
CMTSOLUTION_201002070610A	1.56623589744	0.132677599171	580.34967528	0.932389096491
CMTSOLUTION_201002112156A	NOT FOUND	NOT FOUND	341.853479264	0.493584396845
CMTSOLUTION_201002152151A	NOT FOUND	NOT FOUND	139.901596979	0.564587095183
CMTSOLUTION_201002180113A	0.500842695363	0.0563745174577	992.25666759	-0.705805851349
CMTSOLUTION_201002231025A	NOT FOUND	NOT FOUND	20.0023744457	-0.397110569127
CMTSOLUTION_201002262031A	1.29993435827	0.38088654562	4588.03686242	0.682045895944
CMTSOLUTION_201002271545A	1.04021295017	0.123523129391	12.8286850056	0.948560216962
CMTSOLUTION_201002271900A	0.921836968411	0.0846617917868	15.8769210458	0.99605337052
CMTSOLUTION_201002281125A	0.830083446442	0.0472870752154	327.798706976	0.985144341379
CMTSOLUTION_201003031744A	1.08447870265	0.0359349458296	148.472430821	0.980760583562
CMTSOLUTION_201003040018A	1.07660479524	0.0167012946032	240.762552722	0.806670481957
CMTSOLUTION_201003040159A	1.05009109134	0.0198178998538	8.94627681019	-0.869007652913
CMTSOLUTION_201003042239A	0.864303777963	0.0645146719794	433.055458725	0.956749193645
CMTSOLUTION_201003050919A	1.00820679106	0.0304303177142	164.528694595	0.992784528427
CMTSOLUTION_201003051147A	1.12081103727	0.0495366287468	351.359618914	0.993969499209
CMTSOLUTION_201003051606A	1.27007236315	0.0909370582034	405.126539437	0.768908645586
CMTSOLUTION_201003070705A	1.34942583612	0.128579831782	58.9204744005	0.97901321276
CMTSOLUTION_201003080232A	1.13330703167	0.110607144267	1372.32787074	0.930267276916
CMTSOLUTION_201003080747A	1.21990977835	0.106231852041	180.190781838	0.93530825537
CMTSOLUTION_201003080947A	2.5389433429	0.176386328208	16.5376997959	-0.694318501983
CMTSOLUTION_201003081112A	NOT FOUND	NOT FOUND	10.4058857308	0.220873911867
CMTSOLUTION_201003111439A	0.972104791344	0.0736118936878	6303.41315315	0.99096832966
CMTSOLUTION_201003111455A	0.969991759522	0.072544204602	8047.80617183	0.991997690966
CMTSOLUTION_201003140057A	NOT FOUND	NOT FOUND	310.552834458	0.598536604869
CMTSOLUTION_201003140808A	1.00529977136	0.0944487062599	1832.72909165	0.929161945368
CMTSOLUTION_201003151108A	0.936135456176	0.142971634377	47.8612412511	0.738028360778
CMTSOLUTION_201003160221A	1.07338836875	0.0237339563591	2453.89590406	0.94048240798
CMTSOLUTION_201003201400A	NOT FOUND	NOT FOUND	310.501759348	0.523754558474
CMTSOLUTION_201003241411A	1.4857067231	0.0483140362317	28.8050529585	0.910457602535
CMTSOLUTION_201003250529A	0.753924529439	0.0219719163857	156.208718267	0.706339562341
CMTSOLUTION_201003261452A	1.05308293971	0.0679395918142	212.383698339	0.915171400548
CMTSOLUTION_201003282138A	1.26949632838	0.185039820378	28.4951728501	0.757200729773
CMTSOLUTION_201003301654A	0.856130395529	0.120320181416	593.331343075	0.903646177706
CMTSOLUTION_201004022258A	0.913730307012	0.00965876532172	214.197845212	0.989464278465
CMTSOLUTION_201004042240A	0.73381117374	0.00337071429326	2794.46564604	0.988627063742
CMTSOLUTION_201004051005A	1.23007313872	0.073318887613	139.521023301	0.923701357052
CMTSOLUTION_201004062215A	2.12851145692	0.121496744937	9116.1831154	0.865071625249
CMTSOLUTION_201004071433A	0.944655580954	0.0322373214041	56.1084324791	0.884096533963
CMTSOLUTION_201004110940A	0.893454921156	0.335168923669	829.658347071	0.757650094872
CMTSOLUTION_201004112208A	0.305919227305	0.0131646020069	497.284909459	-0.635708305631
CMTSOLUTION_201004132349A	1.21002704292	0.0508852196353	3454.39609096	0.970226003557
CMTSOLUTION_201004140125A	1.46491762227	0.432364798787	5.95199509102	0.657227956853
CMTSOLUTION_201004172315A	1.05065709581	0.182629751815	289.395190752	0.933471150831
CMTSOLUTION_201004231003A	0.832719717338	0.0272991199005	308.765567129	0.983550459866
CMTSOLUTION_201004240741A	2.43690432257	0.469328683817	97.84707576	0.975170366851
CMTSOLUTION_201004260259A	1.45420515939	0.111564347467	906.067305948	0.8678732282
CMTSOLUTION_201004302311A	0.918718817818	0.0735324852925	5348.33870747	0.987756887125
CMTSOLUTION_201004302316A	0.92106648397	0.0717806629726	5187.77583317	0.988548233539
CMTSOLUTION_201005031027A	0.859047725704	0.0508652331996	154.470594826	0.865904966823
CMTSOLUTION_201005032309A	0.923570170321	0.0586046531767	402.836455229	0.989104109768
CMTSOLUTION_201005051629A	0.997007831026	0.0635441961619	420.090758684	0.702967467918
CMTSOLUTION_201005060242A	0.812217658086	0.0564281420589	277.003023378	0.93704935677
CMTSOLUTION_201005090559A	1.74203021293	0.15644286915	6767.37163832	0.932281671319
CMTSOLUTION_201005141229A	0.914821472723	0.0234065981204	134.891604886	0.990554046814
CMTSOLUTION_201005160652A	1.00854603895	0.0859272427173	16.9102678895	0.794778191545
CMTSOLUTION_201005190415A	1.03929356219	0.0625816109109	104.59444367	0.914638334875
CMTSOLUTION_201005232246A	1.0790749913	0.0843471573362	71.4617966401	0.945681840615
CMTSOLUTION_201005241618A	1.96875042932	0.114812093958	326.227868678	-0.84446180032
CMTSOLUTION_201005251009A	1.11376675132	0.0709191604551	1340.53949881	0.972331286438
CMTSOLUTION_201005260853A	2.40165397751	0.334804376685	707.173092184	-0.954183014174
CMTSOLUTION_201005311951A	1.52445190003	0.119478622564	366.204956229	0.973001290894
CMTSOLUTION_201006010326A	0.992551517546	0.0216094762196	226.952486819	0.990688036089
CMTSOLUTION_201006121926A	1.24215002238	0.142491566357	14411.8549998	0.828290126725
CMTSOLUTION_201006160306A	1.36705614689	0.146043668517	1820.67239501	0.7118625802
CMTSOLUTION_201006160316A	1.36085942712	0.147804612042	1722.31294477	0.698509141202
CMTSOLUTION_201006160358A	1.36797662285	0.147630216406	348.08328762	0.723462252238
CMTSOLUTION_201006180223A	0.915085724769	0.0711438414347	463.853319806	0.976398287069
CMTSOLUTION_201006240532A	0.960991637486	0.0110664353751	66.7217753648	0.985234319211
CMTSOLUTION_201006260530A	0.791403863511	0.0988763084551	3184.48969168	0.918449370812
CMTSOLUTION_201006300722A	1.12233593297	0.0153081719244	132.983242117	0.958809462247
CMTSOLUTION_201007042155A	1.59507764642	0.198030171261	169.936655453	0.791893602936
CMTSOLUTION_201007101143A	1.04323450573	0.0859221904905	508.055462166	0.987289924009
CMTSOLUTION_201007120011A	0.903818377024	0.0938086226728	786.011550316	0.91437584686
CMTSOLUTION_201007140832A	0.916015855296	0.0734283005023	1101.81951098	0.992152905493
CMTSOLUTION_201007161853A	NOT FOUND	NOT FOUND	47.8866674378	0.199537423463
CMTSOLUTION_201007180556A	0.71176737255	0.178438107015	1271.53595244	0.922929315258
CMTSOLUTION_201007181304A	0.935833697488	0.125559358328	7617.08165837	0.968314715598
CMTSOLUTION_201007181335A	0.942757502683	0.117610363882	7464.75862271	0.982168679293
CMTSOLUTION_201007181948A	0.77217684804	0.174453761825	27.2751650057	0.933318536001
CMTSOLUTION_201007201918A	0.976944667141	0.182214085376	353.347166674	0.830237413099
CMTSOLUTION_201007210916A	0.729062686286	0.147911638002	96.8908268507	0.845769564064
CMTSOLUTION_201007232208A	2.24967855328	0.236184084676	6673.65602159	-0.907771402045
CMTSOLUTION_201007232251A	2.25079345107	0.21735139595	272.55829505	-0.917872313488
CMTSOLUTION_201007232315A	2.2589201467	0.234243817888	36.4725781539	-0.882658902427
CMTSOLUTION_201007240535A	2.44806356068	0.052380248385	38.6968871411	-0.960555620254
CMTSOLUTION_201007290731A	NOT FOUND	NOT FOUND	210.255736878	-0.355211963927
CMTSOLUTION_201007300356A	0.980114424006	0.0604848451188	937.998338645	0.962594444227
CMTSOLUTION_201008031208A	1.79464494386	0.0452233065323	488.045234058	-0.895812682313
CMTSOLUTION_201008040715A	2.24122222066	0.0928578174895	72.7596216219	0.766656853108
CMTSOLUTION_201008041258A	1.02236941477	0.0603456292013	904.545037212	0.992114136693
CMTSOLUTION_201008042201A	2.09922236022	0.149779400086	2185.2390682	-0.756049992614
CMTSOLUTION_201008121154A	0.661842226254	0.0776139174093	3055.60734881	0.894423318787
CMTSOLUTION_201008132119A	0.79996795633	0.101689013193	4945.68016721	0.919174912603
CMTSOLUTION_201008140730A	0.817384382765	0.00824616100577	434.270848081	0.707227548022
CMTSOLUTION_201008142301A	0.799499987505	0.108440145675	566.129980182	0.906973876814
CMTSOLUTION_201008151509A	1.23642394703	0.0501409020467	84.0583597942	0.985291411627
CMTSOLUTION_201008160330A	0.879096875629	0.0612620480176	209.881746215	0.954086736606
CMTSOLUTION_201008181628A	0.950973028593	0.133420117117	290.06134345	0.854499036064
CMTSOLUTION_201008201756A	0.892156095863	0.11085717203	56.5372355035	0.939160159143
CMTSOLUTION_201008221023A	1.05779197485	0.0436162991372	38.4712167536	0.926694898662
CMTSOLUTION_201008240212A	0.921580562917	0.0499528604505	181.767885883	0.991217034536
CMTSOLUTION_201009031116A	0.912243324421	0.0441814187132	2251.25556357	0.994595701422
CMTSOLUTION_201009090728A	0.915508044254	0.0941241927328	103.696016345	0.904479467309
CMTSOLUTION_201009171921A	NOT FOUND	NOT FOUND	128.797333435	0.434255188609
CMTSOLUTION_201009261212A	1.85384471574	0.328693408517	43.8073636745	0.721620803954
CMTSOLUTION_201009270008A	0.976676139266	0.0319069566424	238.45036373	0.983579884044
CMTSOLUTION_201009291711A	0.694581089568	0.0285407746626	1853.40660383	0.812107445113
CMTSOLUTION_201010031521A	0.88662147739	0.0542397128011	27.7890442094	0.890643945254
CMTSOLUTION_201010041328A	0.83054455031	0.0431914959116	226.564983478	0.969857339862
CMTSOLUTION_201010080326A	0.920912533832	0.0611821072865	1395.77757254	0.979695731586
CMTSOLUTION_201010080349A	0.919840501459	0.0610419209125	1609.94676308	0.98395387322
CMTSOLUTION_201010080543A	0.55864087922	0.0956404564212	8.18434916036	0.614330488909
CMTSOLUTION_201010211753A	1.21638258466	0.197672099688	3029.90479864	0.607788474685
CMTSOLUTION_201010251442A	2.11895689623	0.130179374038	1129.634554	0.817531257816
CMTSOLUTION_201010251937A	1.1228752274	0.110929321064	27.6244794264	0.893863554391
CMTSOLUTION_201011030056A	NOT FOUND	NOT FOUND	46.3926272485	0.532086686835
CMTSOLUTION_201011030251A	0.800298502666	0.0743071407041	101.264895366	0.890260227415
CMTSOLUTION_201011031118A	0.96893117456	0.362845201811	71.9338039017	-0.771579570024
CMTSOLUTION_201011031813A	2.14881908602	0.034648442162	34.189805394	0.815075548645
CMTSOLUTION_201011100405A	0.819884640212	0.0650468941025	206.216658399	0.945621642517
CMTSOLUTION_201011230901A	1.16377795743	0.123040654973	224.951449566	0.996796250424
CMTSOLUTION_201011300324A	NOT FOUND	NOT FOUND	224.808983634	0.565686209577
CMTSOLUTION_201012020312A	0.966142500382	0.0632112173877	836.187113075	0.992405294061
CMTSOLUTION_201012080524A	1.23873986362	0.0288576557247	242.463564271	0.99427747039
CMTSOLUTION_201012130114A	1.40999519495	0.105016797208	67.1660695892	0.851320805876
CMTSOLUTION_201012151129A	1.2728903966	0.161660344225	33.2239722958	0.845508667134
CMTSOLUTION_201012201841A	1.08303240646	0.104644485952	437.563607217	0.823749369579
CMTSOLUTION_201012211719A	1.0727337597	0.0889185812688	11203.6864567	0.800646837821
CMTSOLUTION_201012222149A	1.35684905756	0.147935605121	87.5872453081	0.682189460057
CMTSOLUTION_201012231400A	3.47488817081	0.320445400233	505.804089796	-0.86201043531
CMTSOLUTION_201101010956A	1.71199782958	0.146411517755	2011.68078182	-0.681056010391
CMTSOLUTION_201101022020A	0.767219585067	0.00271361596622	4552.47081384	0.987587397576
CMTSOLUTION_201101122132A	1.29730963604	0.159046928102	147.436732525	0.926954690411
CMTSOLUTION_201101171920A	0.92612460945	0.0276433525811	98.4868583651	0.972945775239
CMTSOLUTION_201101182023A	0.742379069464	0.103072054742	45576.9011632	0.932534199041
CMTSOLUTION_201101190917A	1.2563431448	0.245141079722	50.3706698001	0.772025518554
CMTSOLUTION_201101240245A	1.56878526674	0.0710984995702	61.7884659896	0.842893270024
CMTSOLUTION_201101261542A	1.32609866857	0.213865436311	95.5678217845	0.805317001843
CMTSOLUTION_201101270838A	0.902005504959	0.0437375949423	1002.22798425	0.770182521552
CMTSOLUTION_201101290655A	0.938906769888	0.0523987305426	3465.3125913	0.990369523544
CMTSOLUTION_201102041353A	0.981161087597	0.0578641604629	525.126767056	0.969156336211
CMTSOLUTION_201102071953A	1.13897286233	0.0937567987501	100.267656402	0.716137853375
CMTSOLUTION_201102101439A	0.768304287712	0.0577333616184	152.211639959	0.787208436714
CMTSOLUTION_201102101441A	0.782307578737	0.0749368544181	207.649539008	0.735758742618
CMTSOLUTION_201102112005A	1.03573987906	0.0206612321467	6125.94626409	0.987129438602
CMTSOLUTION_201102112339A	1.12761091563	0.0278569637988	17.1164973412	0.966840220475
CMTSOLUTION_201102120117A	1.12332357996	0.034447118096	13.322116039	0.982256961073
CMTSOLUTION_201102140340A	0.86017197549	0.104265178032	101.691132552	0.825162872232
CMTSOLUTION_201102151333A	1.14536203553	0.0970920465768	152.828426943	0.836058802221
CMTSOLUTION_201102202143A	1.00486229036	0.16397807156	388.520285249	0.981038770994
CMTSOLUTION_201102251307A	0.999659893818	0.0632868275369	71.3141964797	0.968697194413
CMTSOLUTION_201103010053A	0.851898704964	0.0652163046755	52.5992293232	0.95163042579
CMTSOLUTION_201103061231A	0.440227696681	0.0896790961887	177.30648106	0.92678923149
CMTSOLUTION_201103061432A	0.980262419562	0.00859179157348	92.5059967709	0.99672603319
CMTSOLUTION_201103070009A	0.883817751199	0.10954701549	377.374246437	0.906334746409
CMTSOLUTION_201103090245A	1.70162131136	0.0593993061161	13905.2450892	0.733834797662
CMTSOLUTION_201103091816A	NOT FOUND	NOT FOUND	31.3803135171	-0.203523544479
CMTSOLUTION_201103092124A	NOT FOUND	NOT FOUND	205.304018258	-0.360351348101
CMTSOLUTION_201103092124B	NOT FOUND	NOT FOUND	171.227822845	-0.483609991836
CMTSOLUTION_201103101708A	2.54178115313	0.0169011039892	243.443070228	-0.858649513363
CMTSOLUTION_201103110546A	1.08597427803	0.0641483694558	341008.906447	-0.981133699047
CMTSOLUTION_201103110615A	1.08244605432	0.0679732695432	16049.6959062	-0.952133799145
CMTSOLUTION_201103110625A	1.09549079154	0.0679830719418	111.544825563	-0.948593335907
CMTSOLUTION_201103111859A	1.16975963595	0.0358659390199	66.996127086	0.89666922957
CMTSOLUTION_201103111902A	0.976927717837	0.00881737831674	74.299270328	0.827055617659
CMTSOLUTION_201103111946A	1.10151542409	0.0373635711069	35.7805841273	0.940899932258
CMTSOLUTION_201103112011A	1.04694372646	0.0413490064328	7.40914641169	0.92734461268
CMTSOLUTION_201103120147A	1.59494267459	0.180785523828	389.493000198	0.767996491329
CMTSOLUTION_201103121315A	1.11564702085	0.122445010598	176.21936393	0.965854375806
CMTSOLUTION_201103130126A	1.3208260581	0.133272489197	171.246551523	0.660339001843
CMTSOLUTION_201103140612A	NOT FOUND	NOT FOUND	182.475745125	0.520560672254
CMTSOLUTION_201103151327A	NOT FOUND	NOT FOUND	166.032326443	0.414182555506
CMTSOLUTION_201103151331A	NOT FOUND	NOT FOUND	197.470315803	0.363655082116
CMTSOLUTION_201103151523A	NOT FOUND	NOT FOUND	41.8811150008	0.395320216438
CMTSOLUTION_201103170413A	1.4199440472	0.0294670870924	13.1377913762	0.784842778621
CMTSOLUTION_201103200826A	0.839997803747	0.068116864888	66.3442581347	0.889774870084
CMTSOLUTION_201103220718A	1.24735131407	0.0503481095193	617.52227007	-0.755321274186
CMTSOLUTION_201103220919A	2.92076975776	0.1083179505	52.9308190333	-0.735140128975
CMTSOLUTION_201103220944A	1.09424325132	0.0725873760177	129.056422048	0.807532712259
CMTSOLUTION_201103241355A	NOT FOUND	NOT FOUND	7487.20964093	0.527792932583
CMTSOLUTION_201103251136A	0.987370917193	0.182798812105	479.102824505	0.925437558423
CMTSOLUTION_201103272223A	0.75243373473	0.0444471884832	570.487690915	0.897207839596
CMTSOLUTION_201103291054A	1.039745302	0.0747619499791	491.250964195	0.970083212062
CMTSOLUTION_201103310715A	0.939263842557	0.122925335315	257.98237066	0.942907346598
CMTSOLUTION_201104011329A	0.924525674622	0.0466817807944	50.8484756096	0.906589137334
CMTSOLUTION_201104032006A	1.77296000458	0.181068617886	601.377751946	0.688051715752
CMTSOLUTION_201104071311A	0.462876070427	0.0172067020676	8621.67107834	0.849840186545
CMTSOLUTION_201104071432A	0.893981061503	0.134042117136	102.706960979	0.966719723581
CMTSOLUTION_201104091257A	2.06426595464	0.18520237157	138.983654063	-0.673271971529
CMTSOLUTION_201104110816A	1.21211214665	0.118809641904	1715.39411107	0.934652820931
CMTSOLUTION_201104112308A	4.20154337439	0.735257639057	547.054133349	-0.696461932249
CMTSOLUTION_201104131957A	NOT FOUND	NOT FOUND	374.239060104	-0.503861025192
CMTSOLUTION_201104211337A	NOT FOUND	NOT FOUND	282.58152338	-0.191381313535
CMTSOLUTION_201104230416A	0.843030041965	0.0908346943176	3932.71286988	0.948543609967
CMTSOLUTION_201104231012A	2.62190179556	0.0402487699579	125.305494939	0.850394194097
CMTSOLUTION_201104242307A	NOT FOUND	NOT FOUND	1353.91173423	-0.205096682101
CMTSOLUTION_201104300819A	1.15271766251	0.0764397000754	154.558271695	0.985098067884
CMTSOLUTION_201105061620A	1.03587833814	0.0570221377446	69.0189682267	0.954871797586
CMTSOLUTION_201105080650A	0.794811178803	0.154919656997	133.749223917	0.776252296916
CMTSOLUTION_201105111647A	0.968669608647	0.0300952613373	63.5136337487	0.896504771068
CMTSOLUTION_201105132247A	NOT FOUND	NOT FOUND	641.472607742	-0.429006734021
CMTSOLUTION_201105132335A	1.13268119267	0.166955530498	126.586170217	0.953826907655
CMTSOLUTION_201105142107A	NOT FOUND	NOT FOUND	510.298065753	-0.142019531751
CMTSOLUTION_201105151308A	0.656264713998	0.0237065305086	197.574200492	0.894182837143
CMTSOLUTION_201105151837A	0.947408151912	0.0715848864379	718.501228134	0.97727427051
CMTSOLUTION_201105192015A	NOT FOUND	NOT FOUND	385.635597746	-0.403826377379
CMTSOLUTION_201105280547A	NOT FOUND	NOT FOUND	12.4048279256	0.320651309508
CMTSOLUTION_201106011255A	1.48416936237	0.0502131342314	201.211034872	0.880019957219
CMTSOLUTION_201106030005A	1.22199646219	0.0587474572842	764.763370923	-0.8755750347
CMTSOLUTION_201106131431A	1.0083929996	0.182781107747	507.137970601	0.855547437431
CMTSOLUTION_201106160003A	1.24798267109	0.306477549731	3530.63892951	0.795131584675
CMTSOLUTION_201106201635A	1.07384185351	0.0619486539573	687.133713997	0.90074984293
CMTSOLUTION_201106210204A	0.857267870517	0.036004605743	217.991731283	0.978854232255
CMTSOLUTION_201106222150A	1.5254580393	0.0968556846327	989.68188007	0.912156863317
CMTSOLUTION_201106230734A	NOT FOUND	NOT FOUND	1911.22465588	-0.175013881173
CMTSOLUTION_201106240309A	0.933131152602	0.0610940069955	17786.0593376	0.964178874949
CMTSOLUTION_201106261216A	1.36295643955	0.10400670533	454.181638273	0.873524926709
CMTSOLUTION_201107100057A	1.54325799104	0.0778999883869	2239.17547312	0.895827690096
CMTSOLUTION_201107112047A	1.25013210092	0.0733448745762	598.139824574	0.832414790223
CMTSOLUTION_201107151326A	0.870985177708	0.0538104360283	40.8621120007	0.984391916968
CMTSOLUTION_201107160026A	0.909210107015	0.017209558837	240.65284139	0.987025297398
CMTSOLUTION_201107161959A	0.79550050159	0.0820990626176	74.9484188386	0.970448329317
CMTSOLUTION_201107190713A	NOT FOUND	NOT FOUND	11.5662574973	-0.369097855937
CMTSOLUTION_201107191935A	1.61218928089	0.302113977097	605.843298036	0.977219029172
CMTSOLUTION_201107202204A	1.03501681737	0.0623253036911	92.4341322926	0.91247752695
CMTSOLUTION_201107230434A	0.95504074968	0.150374090829	592.898732831	0.925022566952
CMTSOLUTION_201107241851A	1.12690812342	0.0895065897246	805.840633584	0.965933221163
CMTSOLUTION_201107250050A	1.11657945321	0.25897818177	775.826870571	0.958339844105
CMTSOLUTION_201107251757A	NOT FOUND	NOT FOUND	114.457180782	0.54898938705
CMTSOLUTION_201107261744A	0.983127997106	0.103225621417	211.513799157	0.936424571881
CMTSOLUTION_201107301853A	NOT FOUND	NOT FOUND	996.517024217	-0.256282454013
CMTSOLUTION_201107312338A	0.897275431324	0.127517174605	3523.70295801	0.978870177962
CMTSOLUTION_201108041351A	0.911951851192	0.0417149773537	551.248178265	0.975686267578
CMTSOLUTION_201108071435A	NOT FOUND	NOT FOUND	10.7865164208	-0.351455000879
CMTSOLUTION_201108102345A	0.891552293153	0.132362085879	857.360140946	0.835443171316
CMTSOLUTION_201108161103A	NOT FOUND	NOT FOUND	118.643226471	0.401790814956
CMTSOLUTION_201108171144A	1.08785779579	0.0750891049527	594.476094692	0.927650974378
CMTSOLUTION_201108190536A	0.720666119213	0.120878980817	39.330943125	0.909450080985
CMTSOLUTION_201108222012A	0.542092647846	0.0598791804769	167.326414392	0.804004567618
CMTSOLUTION_201108241746A	1.28874042526	0.0524455940409	1595.81250022	0.946216900955
CMTSOLUTION_201108300657A	NOT FOUND	NOT FOUND	1112.9419823	-0.262302301851
CMTSOLUTION_201108311217A	0.903504105576	0.0347488203581	77.4068936689	0.973907418187
CMTSOLUTION_201109021055A	1.10776633658	0.0958324769249	3302.11377706	0.984954782443
CMTSOLUTION_201109021347A	2.92423578464	0.179444065246	20.4689683061	-0.795819512731
CMTSOLUTION_201109030449A	0.969469945786	0.0266761387122	1663.47114928	0.984586704537
CMTSOLUTION_201109051755A	2.29534236944	0.150253690674	337.686934167	0.726169130078
CMTSOLUTION_201109091941A	1.00396230266	0.060538529843	1901.78683141	0.962423252759
CMTSOLUTION_201109141810A	1.1834436297	0.0457365578579	280.384171207	0.956972305055
CMTSOLUTION_201109150800A	NOT FOUND	NOT FOUND	469.382626802	0.509593489661
CMTSOLUTION_201109161926A	NOT FOUND	NOT FOUND	2074.77840487	0.58042530963
CMTSOLUTION_201109162108A	1.14043796333	0.0673736131588	4.36039829764	0.921206456237
CMTSOLUTION_201109181240A	NOT FOUND	NOT FOUND	2685.73862871	0.38655307257
CMTSOLUTION_201109220322A	1.02767771904	0.141884479034	549.559644192	0.95486394404
CMTSOLUTION_201110052352A	0.978393099254	0.0435122306181	519.343389737	0.993714493321
CMTSOLUTION_201110060003A	0.976559100658	0.0428722945962	515.480784419	0.992134307878
CMTSOLUTION_201110060039A	0.974951143367	0.0406696034655	41.4228913542	0.972249696329
CMTSOLUTION_201110130316A	1.10011194104	0.222026056708	170.623553516	0.663859734144
CMTSOLUTION_201110140335A	0.979678433775	0.117628330909	544.115042017	0.95808908141
CMTSOLUTION_201110140610A	0.766917923836	0.115716524303	17.2020184019	0.960989014538
CMTSOLUTION_201110180505A	1.05899790401	0.194855415015	129.337769472	0.959043810182
CMTSOLUTION_201110210802A	1.27991353758	0.0316968258691	99.0935265469	-0.958216912641
CMTSOLUTION_201110231041A	2.0567250382	0.125475374963	38137.2351086	0.945284268914
CMTSOLUTION_201110231810A	1.69753237573	0.0107760850086	154.776831379	0.933112860464
CMTSOLUTION_201110232045A	1.61798587499	0.0220210540341	381.775524479	0.985264763485
CMTSOLUTION_201110251455A	2.22035933137	0.069107504794	149.965465222	0.816942937388
CMTSOLUTION_201110270804A	1.56594764047	0.216290886009	28.8638040942	0.724648988991
CMTSOLUTION_201110281854A	1.13992133734	0.0386117083506	2462.47496855	-0.763949177444
CMTSOLUTION_201110292224A	1.2711733787	0.0275928610783	19.492607538	0.719576094132
CMTSOLUTION_201111011232A	1.1149742545	0.0563604797312	524.748602421	0.913618925763
CMTSOLUTION_201111072235A	1.04321425128	0.0637470615733	78.2677980773	0.921242907461
CMTSOLUTION_201111080259A	1.03955714301	0.026265243477	2345.70485122	0.988293764288
CMTSOLUTION_201111082205A	1.69926671232	0.223531492257	53.5305451497	0.740588315526
CMTSOLUTION_201111091923A	1.58119319932	0.092697982773	352.532537308	0.944274478293
CMTSOLUTION_201111140405A	1.43813916349	0.152919894083	417.769841461	0.678596435458
CMTSOLUTION_201111142208A	1.68413666204	0.138888500644	27.6333711983	0.860010371487
CMTSOLUTION_201111170157A	0.861521759916	0.0663408239727	179.30429386	0.933261751945
CMTSOLUTION_201111180600A	1.01911534	0.0437411306134	106.751883552	0.9671224956
CMTSOLUTION_201111221848A	1.45017475955	0.0263289627518	435.44227909	-0.889758759891
CMTSOLUTION_201111231217A	0.78788222327	0.0631216774159	160.371719102	0.977370399092
CMTSOLUTION_201111231924A	1.11595862523	0.163279038937	349.334464214	0.942099762514
CMTSOLUTION_201111241025A	1.25399761767	0.182545007073	246.571988844	0.981296221227
CMTSOLUTION_201111281226A	0.887140214148	0.0563382876286	199.134793717	0.885222092087
CMTSOLUTION_201111300027A	1.50279141646	0.218072313657	158.071240379	0.855682831137
CMTSOLUTION_201111300047A	NOT FOUND	NOT FOUND	148.306802364	0.433166701745
CMTSOLUTION_201112012135A	1.01711559945	0.0448530457496	27.5824289217	0.971255587874
CMTSOLUTION_201112072223A	0.916750278236	0.0269381141856	156.120599723	0.99523871811
CMTSOLUTION_201112110147A	1.02445114059	0.00634051840279	676.431740742	0.988876765107
CMTSOLUTION_201112110954A	0.942960096773	0.018225201335	365.798319562	0.993585626591
CMTSOLUTION_201112130752A	2.39519135482	0.204592544826	45.6936205349	0.944763304505
CMTSOLUTION_201112140504A	1.68235461769	0.475578782533	883.973233403	0.735582670362
CMTSOLUTION_201112271521A	0.965216252198	0.0374904380172	7521.57763955	0.982959403524
CMTSOLUTION_201201010527A	1.39297922816	0.146038227273	267.345211561	0.610463659259
CMTSOLUTION_201201101837A	1.32158828254	0.245612942846	4646.82897738	0.871658851458
CMTSOLUTION_201201151340A	1.08102291928	0.0401308050902	860.735591383	0.981099626994
CMTSOLUTION_201201151421A	1.09070267761	0.041766524378	676.29590326	0.985569702653
CMTSOLUTION_201201211847A	1.02642828548	0.0113543418651	445.919947335	0.98317546258
CMTSOLUTION_201201231604A	0.973868137087	0.0122402634994	455.739735325	0.994359596697
CMTSOLUTION_201201260424A	NOT FOUND	NOT FOUND	113.54163003	0.364468181675
CMTSOLUTION_201201270133A	0.867157086069	0.096281459159	248.240413016	0.947769769778
CMTSOLUTION_201201300511A	1.18031034323	0.0766259714711	643.024478727	0.981783026246
CMTSOLUTION_201202061010A	0.916423685987	0.0433248140967	11.5867582704	0.996315337528
CMTSOLUTION_201202140134A	NOT FOUND	NOT FOUND	97.9331811217	-0.351575998495
CMTSOLUTION_201202140819A	0.767211402251	0.108736696658	184.737640331	0.952945422871
CMTSOLUTION_201202260617A	1.06730948782	0.105027698683	2598.59103434	0.953416028586
CMTSOLUTION_201203040331A	NOT FOUND	NOT FOUND	48.4240304001	-0.513103419914
CMTSOLUTION_201203050746A	2.6532063414	0.0743112981554	20.2730920966	-0.837603463062
CMTSOLUTION_201203140908A	1.03903764447	0.0191597764769	6734.54980219	0.984118134446
CMTSOLUTION_201203141049A	0.978161536584	0.0595078692017	6.32049418918	0.993818762605
CMTSOLUTION_201203141205A	1.33139924385	0.0553381631998	6.87503501194	-0.982244853636
CMTSOLUTION_201203142113A	0.921605565572	0.0589433077556	316.93775022	0.961305159539
CMTSOLUTION_201203201756A	0.876009977569	0.07514029552	10855.0896355	-0.945980400103
CMTSOLUTION_201203201802A	0.91972863433	0.0332530306921	10137.908213	0.971634310569
CMTSOLUTION_201203252237A	0.818347167854	0.0383767564323	3313.83576136	0.979849115755
CMTSOLUTION_201203261035A	2.04081643426	0.0486505821871	12.9431207801	0.956775477957
CMTSOLUTION_201203261812A	1.00101367301	0.0704432651011	29.07618056	0.966330167459
CMTSOLUTION_201203271100A	3.41191240885	0.212764525022	51.6587932064	0.724855293554
CMTSOLUTION_201204021736A	0.971529006727	0.0373255374906	306.444524597	0.980745528608
CMTSOLUTION_201204061615A	1.04927633284	0.111189837792	111.510316862	-0.971053836854
CMTSOLUTION_201204112241A	1.01115531006	0.0347379295642	470.816355961	0.950218093617
CMTSOLUTION_201204112255A	0.927983323705	0.0383146765529	430.545633438	0.9812523824
CMTSOLUTION_201204120706A	NOT FOUND	NOT FOUND	4564.43047749	0.397754090226
CMTSOLUTION_201204120715A	NOT FOUND	NOT FOUND	6816.99762514	0.41255739215
CMTSOLUTION_201204141056A	1.06389765749	0.00929174860667	265.780225216	0.966650808135
CMTSOLUTION_201204150557A	0.798807461979	0.0174874723096	247.837395171	0.98917179271
CMTSOLUTION_201204161123A	0.94034803477	0.156784033107	51.1010990035	0.827576523374
CMTSOLUTION_201204170350A	0.9246500342	0.0457202024312	2660.98498201	0.987333410138
CMTSOLUTION_201204170713A	NOT FOUND	NOT FOUND	165.920896507	0.49759436815
CMTSOLUTION_201204171903A	0.999115889469	0.0401220928408	218.172627525	0.968110944367
CMTSOLUTION_201204200121A	NOT FOUND	NOT FOUND	21.1248007653	-0.574362507687
CMTSOLUTION_201204210116A	NOT FOUND	NOT FOUND	508.017675379	0.380713072264
CMTSOLUTION_201204210125A	NOT FOUND	NOT FOUND	636.218501982	0.413154189564
CMTSOLUTION_201205012243A	1.09745914276	0.028059203196	238.923130282	0.982523526305
CMTSOLUTION_201205031009A	1.17400294188	0.0273264383333	30.0278856914	0.861930261122
CMTSOLUTION_201205031520A	NOT FOUND	NOT FOUND	39.2473866251	-0.540256013146
CMTSOLUTION_201205070440A	1.90517479974	0.0549994145567	393.389720675	0.717513030769
CMTSOLUTION_201205071415A	1.88743438963	0.246081586544	52.2816442332	0.926375484134
CMTSOLUTION_201205141000A	1.12118711771	0.0979488263054	169.668252176	0.884219727234
CMTSOLUTION_201205180200A	0.817367361512	0.0260116319403	1284.63474071	0.997053561616
CMTSOLUTION_201205200719A	NOT FOUND	NOT FOUND	480.394077267	-0.396908318452
CMTSOLUTION_201205220000A	NOT FOUND	NOT FOUND	136.983046175	0.589095059867
CMTSOLUTION_201205231502A	1.06888752012	0.0714296154054	158.442058655	0.824542560122
CMTSOLUTION_201205242247A	0.934017045257	0.0656740313221	3543.56194875	0.987240286172
CMTSOLUTION_201205262148A	NOT FOUND	NOT FOUND	12.5298909206	0.390868820032
CMTSOLUTION_201205280507A	2.41473893854	0.263483779405	970.964428393	-0.842349873518
CMTSOLUTION_201206020752A	1.75265826067	0.0813949416942	61.4993804371	-0.880954558507
CMTSOLUTION_201206040045A	1.04295855523	0.108192049099	271.841873801	0.936182247804
CMTSOLUTION_201206040315A	0.900311516467	0.0982599278065	29.2031026215	0.655939764754
CMTSOLUTION_201206051931A	NOT FOUND	NOT FOUND	677.172769768	-0.266071646067
CMTSOLUTION_201206070405A	0.95613515694	0.00598269265872	578.184147448	0.964373578087
CMTSOLUTION_201206071603A	1.35617284307	0.258486716338	30.1301943148	0.807205486712
CMTSOLUTION_201206072054A	1.75270713822	0.339613259013	38.8912493049	0.635884269682
CMTSOLUTION_201206101244A	NOT FOUND	NOT FOUND	1568.97980331	-0.146886587637
CMTSOLUTION_201206140552A	1.22519601252	0.191802859721	25.2002242642	0.911159120084
CMTSOLUTION_201206172032A	1.01470182472	0.180835998597	890.534009135	0.920357259254
CMTSOLUTION_201206191556A	0.947443360741	0.00346989926595	197.307053126	0.984543352887
CMTSOLUTION_201206230434A	2.19224799858	0.297014997895	98.2025660842	0.688827470442
CMTSOLUTION_201206240315A	1.07913679422	0.0292881801522	408.908928341	0.981704733891
CMTSOLUTION_201206251305A	NOT FOUND	NOT FOUND	20.8475048462	0.476503277795
CMTSOLUTION_201206292107A	1.46121313496	0.0409050736851	1050.22261043	-0.803257761109
CMTSOLUTION_201207081133A	1.02409576816	0.0428104511362	274.515590999	0.974035020112
CMTSOLUTION_201207091355A	1.28166456428	0.161360584006	97.1707259459	0.614878013564
CMTSOLUTION_201207200610A	0.84329994232	0.0291856693339	334.780299432	0.986049977907
CMTSOLUTION_201207250027A	NOT FOUND	NOT FOUND	131.566721737	0.556580808861
CMTSOLUTION_201207251120A	0.809484860772	0.018541751179	507.53536949	0.940562981906
CMTSOLUTION_201207260533A	0.836594514795	0.0385204809979	811.58567455	0.942813760882
CMTSOLUTION_201207282004A	0.805273477462	0.0324801991367	982.096878283	0.93702249788
CMTSOLUTION_201208020938A	0.973261897872	0.0705284758258	186.090591127	-0.722345588425
CMTSOLUTION_201208020956A	0.879215084207	0.0440445438376	171.199281301	0.925523112265
CMTSOLUTION_201208101837A	0.977705407518	0.0251223766597	322.397955807	0.987071351088
CMTSOLUTION_201208111223A	0.91283492423	0.0651732628071	4804.04372403	0.95798400844
CMTSOLUTION_201208111234A	0.90614825965	0.0561155323146	4225.30014302	0.979379374045
CMTSOLUTION_201208121047A	0.54440885551	0.0402115329201	449.557721805	-0.792667199396
CMTSOLUTION_201208140259A	NOT FOUND	NOT FOUND	30894.790357	-0.177904259037
CMTSOLUTION_201208151749A	0.823960169762	0.0783620756439	26.4955058345	0.976432116898
CMTSOLUTION_201208180941A	1.41770744735	0.246194968163	71.3092576909	0.952634131573
CMTSOLUTION_201208192241A	0.658641225753	0.0290285919629	144.409406469	0.916788497011
CMTSOLUTION_201208261505A	0.837807785993	0.01999598428	709.203800475	0.975044301902
CMTSOLUTION_201208270437A	1.00178779378	0.0492999197868	5670.27388571	0.937178086225
CMTSOLUTION_201208301343A	0.914663722706	0.0641016990244	3718.18790371	0.990746758584
CMTSOLUTION_201208311247A	0.631005429343	0.0310376607346	3993.1925685	0.76873117925
CMTSOLUTION_201209031823A	1.89990291349	0.137677420243	140.763224697	-0.90050788646
CMTSOLUTION_201209051442A	0.98605325654	0.0246883650357	3257.75461953	0.981224646629
CMTSOLUTION_201209081051A	NOT FOUND	NOT FOUND	148.598861652	-0.575580025062
CMTSOLUTION_201209120327A	0.978986328938	0.0940644768978	65.5860245068	0.83093938312
CMTSOLUTION_201209140451A	1.32109654187	0.0334605765499	160.67122989	0.965401544725
CMTSOLUTION_201209190917A	NOT FOUND	NOT FOUND	8.21661345151	-0.445199601333
CMTSOLUTION_201209220352A	1.24082213688	0.0708174120885	25.6087714355	0.795220262648
CMTSOLUTION_201209252345A	1.79677607676	0.308421661858	541.515171398	0.642279394667
CMTSOLUTION_201209262339A	0.891104020209	0.0520659967264	596.048301137	0.991300891064
CMTSOLUTION_201209301631A	1.16899238586	0.0289053176608	3134.67774216	0.681058077426
CMTSOLUTION_201210012221A	NOT FOUND	NOT FOUND	359.494319931	0.450576750309
CMTSOLUTION_201210080626A	1.48510298272	0.0870548452136	179.744650326	0.693981585619
CMTSOLUTION_201210081143A	1.00768935703	0.119836313589	112.735077561	0.870401618771
CMTSOLUTION_201210120031A	NOT FOUND	NOT FOUND	535.918451582	-0.521246523548
CMTSOLUTION_201210141013A	NOT FOUND	NOT FOUND	102.53707871	0.538055586677
CMTSOLUTION_201210170442A	1.96936611582	0.177035855249	44.9511870401	-0.704502623645
CMTSOLUTION_201210240045A	1.56959137368	0.0361393641967	1100.92855734	-0.941228427605
CMTSOLUTION_201210252305A	0.909571081689	0.110307344639	296.224046418	0.915328088358
CMTSOLUTION_201210280304A	0.938351716935	0.0163257321518	30657.9257188	0.978767103543
CMTSOLUTION_201210281854A	0.95867651445	0.0200538328668	1527.6523093	0.992944500277
CMTSOLUTION_201210300249A	0.918349031208	0.0269643825815	1805.87853502	0.994686993189
CMTSOLUTION_201211021817A	1.12639910444	0.0586250575988	82.5682914402	0.916453999202
CMTSOLUTION_201211070626A	0.825663753809	0.0462304530987	258.499801167	0.964050505417
CMTSOLUTION_201211071635A	1.27504367525	0.0257120474187	8450.77978297	-0.990348957986
CMTSOLUTION_201211080201A	NOT FOUND	NOT FOUND	155.701375672	0.545393808805
CMTSOLUTION_201211101457A	0.95715366538	0.0429664905429	38.1795699141	0.939236888189
CMTSOLUTION_201211110112A	2.2802226247	0.0707823298106	1420.01839951	-0.972443646241
CMTSOLUTION_201211112215A	1.17424587754	0.0801387502017	217.836872845	0.985814491284
CMTSOLUTION_201211122042A	0.943277141168	0.0914871562235	629.569623178	0.956772272548
CMTSOLUTION_201211130431A	0.914865231016	0.128778205291	245.866129051	0.954967973954
CMTSOLUTION_201211141902A	1.01801973751	0.02387419274	755.908888678	0.991236017744
CMTSOLUTION_201211150920A	1.02434509638	0.051184459806	87.3302472623	0.989226315895
CMTSOLUTION_201211161812A	0.966082183662	0.0460305310473	3962.82889023	0.97475186024
CMTSOLUTION_201211190944A	0.861601989519	0.0700447272309	101.140308293	0.984127249957
CMTSOLUTION_201212070818A	1.55440119038	0.107929805371	10527.9564396	0.769508887023
CMTSOLUTION_201212070818B	1.56076344088	0.107860115387	10542.4225966	0.765354357474
CMTSOLUTION_201212070831A	1.60244755522	0.13854423253	8646.57964685	0.766676206819
CMTSOLUTION_201212101653A	NOT FOUND	NOT FOUND	1662.44554936	0.565841259893
CMTSOLUTION_201212110618A	2.0136624055	0.109058736065	48.5803066342	-0.977122119955
CMTSOLUTION_201212141036A	0.801145637816	0.0199666091589	185.985382087	0.956576464902
CMTSOLUTION_201212150449A	0.955751074554	0.00776815136283	154.522043267	0.989501326496
CMTSOLUTION_201212151930A	0.804593688177	0.00547479284704	79.2281330799	0.873563152274
CMTSOLUTION_201212231331A	1.10429535533	0.115048050807	179.449093123	0.734576364598
CMTSOLUTION_201301050858A	1.03051914335	0.00454579701913	101055.2191	0.992928489568
CMTSOLUTION_201301081416A	0.936691955505	0.167745601303	537.44064384	0.715972889126
CMTSOLUTION_201301202332A	1.0174001171	0.0241824629181	202.083624569	0.987968866728
CMTSOLUTION_201301281638A	NOT FOUND	NOT FOUND	514.205274704	0.280990265499
CMTSOLUTION_201301302015A	0.976262396446	0.0304959737166	2007.47316463	0.954925912979
CMTSOLUTION_201301302303A	1.07359694873	0.0224282485321	10.5990005531	0.989926069689
CMTSOLUTION_201301310333A	1.14133408316	0.0458439339299	111.682840795	0.992367226604
CMTSOLUTION_201302010536A	NOT FOUND	NOT FOUND	30.4598922613	0.360536700724
CMTSOLUTION_201302012216A	NOT FOUND	NOT FOUND	136.315004265	0.552731116554
CMTSOLUTION_201302012218A	1.62641519607	0.198205977567	135.216826031	0.631108382049
CMTSOLUTION_201302021417A	0.9173536474	0.0379829404787	1765.8020433	0.943184621826
CMTSOLUTION_201302060007A	1.43592592061	0.127304430625	3062.51974861	0.926967710602
CMTSOLUTION_201302060112A	1.42688793718	0.116921982728	1453.59940127	0.974012809057
CMTSOLUTION_201302060123A	1.42448467621	0.118250405581	667.273434026	0.948953972298
CMTSOLUTION_201302060154A	1.42611228511	0.140955393828	131.775178841	0.883834614504
CMTSOLUTION_201302060635A	0.925514385076	0.0223042853664	21.717931313	0.988520846951
CMTSOLUTION_201302061153A	0.992781953621	0.0430870231785	19.8956252662	0.996431164986
CMTSOLUTION_201302160437A	1.24840426428	0.143829048355	63.532109937	0.719051292528
CMTSOLUTION_201302170542A	0.864916802574	0.11321086371	29.654007831	0.779146079591
CMTSOLUTION_201302221201A	2.06956449171	0.360096662554	54.2609137444	-0.765408548421
CMTSOLUTION_201303011253A	0.921005459655	0.0520672191479	2809.64228174	0.991976782138
CMTSOLUTION_201303011320A	0.923352985645	0.0499486924056	2108.24998313	0.974118704462
CMTSOLUTION_201303102251A	1.82604681696	0.378185365764	2455.37877097	0.926583477831
CMTSOLUTION_201303190329A	NOT FOUND	NOT FOUND	101.932555116	-0.573386526213
CMTSOLUTION_201303202228A	0.967022429436	0.0416818006068	228.193661718	0.987356003962
CMTSOLUTION_201303240418A	1.04346806126	0.0122463634438	632.464118675	0.989767520701
CMTSOLUTION_201303252302A	0.831581839308	0.0157529230252	120.321929963	0.854296940844
CMTSOLUTION_201304011853A	NOT FOUND	NOT FOUND	206.497007289	0.578422169163
CMTSOLUTION_201304051300A	NOT FOUND	NOT FOUND	79.1949921445	-0.345151163482
CMTSOLUTION_201304060442A	0.955494526826	0.0312862009387	2305.62197536	0.975793576562
CMTSOLUTION_201304061126A	1.10098560751	0.179090667561	27.4908801782	0.791755856625
CMTSOLUTION_201304091152A	NOT FOUND	NOT FOUND	1067.05027419	0.534042282701
CMTSOLUTION_201304140132A	0.852852267252	0.0549157842696	312.231843221	0.955879556916
CMTSOLUTION_201304161044A	1.07799253846	0.0780259007196	63910.201499	0.927657309906
CMTSOLUTION_201304162255A	1.89067017585	0.344418041381	306.076730342	0.755282666002
CMTSOLUTION_201304190305A	0.963494606455	0.0696421825473	5698.62304558	0.990591414432
CMTSOLUTION_201304191958A	1.06935262554	0.041809929112	169.216909056	0.993208218854
CMTSOLUTION_201304200002A	0.97411779213	0.0814218110129	1804.3007266	0.985266312575
CMTSOLUTION_201304201312A	0.965682675677	0.0310908438666	145.330538425	0.979876098902
CMTSOLUTION_201304210322A	NOT FOUND	NOT FOUND	125.19220091	0.386481381036
CMTSOLUTION_201304220116A	0.998820720125	0.103221074098	260.846353513	0.96516012249
CMTSOLUTION_201304232314A	0.680420216249	0.188162076758	561.245841642	0.792734020315
CMTSOLUTION_201304300625A	0.988046198435	0.0382886029443	384.742229064	0.969051589491
CMTSOLUTION_201305110208A	1.08151741083	0.204194107649	927.676872144	0.922475083128
CMTSOLUTION_201305140032A	NOT FOUND	NOT FOUND	302.939107004	0.329866069153
CMTSOLUTION_201305180548A	1.09723580316	0.0821580096589	56.7759047562	0.961316103178
CMTSOLUTION_201305190907A	0.901858889783	0.0792639054883	172.478924916	0.921110344128
CMTSOLUTION_201305200949A	0.872551877492	0.045519627952	564.663060774	0.991522605545
CMTSOLUTION_201305210155A	1.09194580424	0.029355075001	203.740343493	0.979748917407
CMTSOLUTION_201305210543A	0.992052964486	0.0396026076343	80.6962301488	0.973377063184
CMTSOLUTION_201305241456A	2.15538080332	0.058209096081	63.9735234785	-0.927987738462
CMTSOLUTION_201305280009A	0.700387782245	0.0565001719689	56.6456176393	0.661398160283
CMTSOLUTION_201306020543A	0.855745699967	0.0544472728374	248.107121911	0.764744013286
CMTSOLUTION_201306050447A	0.912021278976	0.0589917161671	321.202031705	0.993740485743
CMTSOLUTION_201306061153A	NOT FOUND	NOT FOUND	20.8751941844	0.511214210973
CMTSOLUTION_201306131647A	0.45847038666	0.0571800936207	335.80812892	0.722352518812
CMTSOLUTION_201306151611A	0.816500235781	0.0554575931409	993.620601838	0.892216864393
CMTSOLUTION_201306151734A	0.982880410955	0.0144040505276	80.2615987269	0.96702295585
CMTSOLUTION_201306162139A	1.04654749033	0.0287320380903	709.713053763	0.898915282556
CMTSOLUTION_201306242204A	0.90060469052	0.055120088767	3451.71879009	0.966721840955
CMTSOLUTION_201307020737A	0.893996319073	0.185028886749	187.77633693	0.656431958896
CMTSOLUTION_201307041716A	1.07548432367	0.0840571100188	111.53775655	0.946839821578
CMTSOLUTION_201307060505A	1.21657938997	0.0292194925784	172.522978335	0.947011482376
CMTSOLUTION_201307071835A	4.43645282564	0.48997009151	1401.80918011	0.639229542068
CMTSOLUTION_201307072030A	NOT FOUND	NOT FOUND	6.38790203961	0.573819891624
CMTSOLUTION_201307081530A	0.896207035943	0.044114898993	16.9978572193	0.931406600511
CMTSOLUTION_201307151403A	0.967358651448	0.158118902875	2091.77007126	0.903196912882
CMTSOLUTION_201307170237A	0.953967323086	0.0882897048166	179.561567504	0.945982411304
CMTSOLUTION_201307212345A	0.883905894575	0.0503480946114	381.470711625	0.653677339125
CMTSOLUTION_201307220701A	1.05697222683	0.0591490524113	612.194605502	0.868182581636
CMTSOLUTION_201308070906A	1.16397756568	0.0640572371796	75.1379185915	0.973206682866
CMTSOLUTION_201308120053A	0.727838836751	0.0666542794943	61.2836336289	0.814506263627
CMTSOLUTION_201308120949A	1.08254667104	0.0291782841	185.749694113	0.989817932099
CMTSOLUTION_201308131543A	2.05158976211	0.214838957167	617.01796688	0.760517950329
CMTSOLUTION_201308171632A	0.678212859388	0.144747238125	176.624802274	0.943168310729
CMTSOLUTION_201308211238A	0.99080346327	0.0106980426554	163.561443567	0.983616944515
CMTSOLUTION_201308301625B	0.901791356496	0.0615683072518	8498.34465159	0.983377790285
CMTSOLUTION_201308310638A	0.954597846417	0.0540962398192	474.3406274	0.984613123542
CMTSOLUTION_201309011152A	1.75659389143	0.0692441771993	288.906334287	-0.600980501862
CMTSOLUTION_201309032019A	1.04355283022	0.0164574017024	1070.92852787	0.995789424224
CMTSOLUTION_201309040018A	1.4565742883	0.0301081857156	760.139466921	-0.991439169278
CMTSOLUTION_201309040023A	0.822779411013	0.0351465328705	774.755120447	0.984631316779
CMTSOLUTION_201309040232A	0.940064583704	0.0628341686622	353.299243658	0.98512039132
CMTSOLUTION_201309040627A	0.938116960312	0.059149215476	94.9959271439	0.982123466377
CMTSOLUTION_201309050401A	0.969176151603	0.0429145826097	1114.5562784	0.982094976427
CMTSOLUTION_201309061133A	3.23851381812	0.583632466149	49.646482332	-0.831451964648
CMTSOLUTION_201309070013A	1.05224731161	0.0452211538427	2061.48513615	0.994082873419
CMTSOLUTION_201309111244A	1.22914185973	0.0231984110288	91.3344141112	0.972017640955
CMTSOLUTION_201309151621A	0.917952061001	0.0629494789219	386.236309025	0.988333738188
CMTSOLUTION_201309161501A	0.986500034382	0.0458150244512	67.4747439875	0.966927871212
CMTSOLUTION_201309170409A	0.479302673448	0.0785277727463	51.278271513	0.860007189916
CMTSOLUTION_201309210139A	NOT FOUND	NOT FOUND	34.0726865692	-0.360344022974
CMTSOLUTION_201309241129A	0.899666091411	0.058925078174	177460.608442	0.925264522228
CMTSOLUTION_201309251642A	1.20695066375	0.128943607988	537.992480313	0.902695569183
CMTSOLUTION_201309260118A	NOT FOUND	NOT FOUND	52.8306708649	0.194222751753
CMTSOLUTION_201309280734A	0.994451111099	0.0338233095056	13151.5027427	0.903622177584
CMTSOLUTION_201309300816A	0.896242920744	0.0323899346453	10.1813911194	0.969169593268
CMTSOLUTION_201310010338A	1.92324826212	0.012133947196	695.287553148	-0.942227441819
CMTSOLUTION_201310011941A	0.972166064446	0.047776366019	163.910286407	0.991444420757
CMTSOLUTION_201310041726A	NOT FOUND	NOT FOUND	580.610528846	-0.584334139639
CMTSOLUTION_201310060137A	1.03430242306	0.0990697805082	68.4777329204	0.971103189604
CMTSOLUTION_201310061638A	1.20325941862	0.219958449516	68.6572757321	0.9451536104
CMTSOLUTION_201310062133A	1.00095608309	0.143633603404	51.7171296428	0.818687120891
CMTSOLUTION_201310120210A	0.997211514771	0.130180558444	147.59642041	0.906748134411
CMTSOLUTION_201310121311A	0.950535224844	0.121662173989	2470.68143033	0.742482049435
CMTSOLUTION_201310150012A	0.878242001529	0.153430470821	5660.33338113	0.929522676716
CMTSOLUTION_201310161031A	0.932123435143	0.0213340573834	1121.17975604	0.969601610926
CMTSOLUTION_201310191754A	1.28033763743	0.0168314588508	1436.20957777	0.954822943799
CMTSOLUTION_201310241925A	1.21959174013	0.1648072706	79.7900331326	0.955201312121
CMTSOLUTION_201310251710A	1.03717562219	0.108178734871	6233.33009173	0.972141289094
CMTSOLUTION_201310300251A	0.939577126368	0.140202274265	218.563899995	0.914426838513
CMTSOLUTION_201310311202A	0.971386584514	0.0791547154013	354.282122996	0.811066955903
CMTSOLUTION_201310312303A	0.93320908797	0.0173151380449	1193.03020939	0.983556488357
CMTSOLUTION_201311031103A	0.209837616797	0.0582469863863	26.8839048329	0.758795812502
CMTSOLUTION_201311120703A	0.987306678123	0.0919729760905	534.120546157	0.990729246804
CMTSOLUTION_201311132345A	0.944445539718	0.0216286581469	116.803349709	0.989846139715
CMTSOLUTION_201311160334A	1.0169184423	0.0415661858094	1915.4865231	0.987925607784
CMTSOLUTION_201311170904A	1.04370076902	0.0748738766011	9852.08617245	0.925492116196
CMTSOLUTION_201311191332A	0.907099369265	0.00456950721271	212.614359523	0.923320815649
CMTSOLUTION_201311220651A	2.06758854685	0.188100760303	53.2914973794	-0.732783477097
CMTSOLUTION_201311221830A	1.95491087602	0.126950565126	43.9814601656	-0.806915038629
CMTSOLUTION_201311241805A	NOT FOUND	NOT FOUND	77.4099579329	-0.595746855218
CMTSOLUTION_201311250627B	1.06550191248	0.00276632159842	971.830968877	0.978116583815
CMTSOLUTION_201312010124A	2.59500758751	0.0857203414643	466.22353037	-0.948377079095
CMTSOLUTION_201312010629A	1.51409886732	0.121845977621	34.4880350618	0.982737496393
CMTSOLUTION_201312172338A	1.19293991982	0.0487295014682	109.030884069	0.875430380737
CMTSOLUTION_201312281521A	1.080938007	0.135005321306	620.648564895	0.793164823799
CMTSOLUTION_201401130401A	0.802902367705	0.0387684746642	927.41859893	0.950345808276
CMTSOLUTION_201401250514A	1.30530383791	0.0428952315231	115.854136118	0.899486555615
CMTSOLUTION_201401261355A	1.04294609193	0.26139806423	637.265501353	0.700518863136
CMTSOLUTION_201401261845A	NOT FOUND	NOT FOUND	61.2097594334	0.481235271006
CMTSOLUTION_201401282222A	0.999627702896	0.0350417518359	136.560214098	0.995109429765
CMTSOLUTION_201402010358A	0.902729067912	0.0368311509233	117.492922188	0.990119347013
CMTSOLUTION_201402030308A	1.12971110432	0.0689035470144	578.323090132	0.624807673799
CMTSOLUTION_201402101206A	1.4548386096	0.0504884063919	49.1620664402	0.968350329745
CMTSOLUTION_201402120919A	NOT FOUND	NOT FOUND	7627.89024913	-0.132136684393
CMTSOLUTION_201402180927A	NOT FOUND	NOT FOUND	262.762873687	-0.256576299311
CMTSOLUTION_201402262113B	0.379264966217	0.00668476532744	104.609723166	0.632494838826
CMTSOLUTION_201403020937A	0.942942276472	0.048007913253	741.27637648	0.972766585263
CMTSOLUTION_201403022011A	1.01883399574	0.0499899635442	674.324312359	0.972055784142
