event	E	sd	signal/noise	char_func_max
CMTSOLUTION_200801011855A	0.729427899346	0.0301710255456	709.405699059	0.97608893288
CMTSOLUTION_200801040729A	0.782362237821	0.0890282673235	63.5798690478	0.895354928267
CMTSOLUTION_200801051101A	0.913953917925	0.0897177604645	3160.91804462	0.975523940184
CMTSOLUTION_200801051144A	0.915782318997	0.0865987983561	204.193320158	0.937209414565
CMTSOLUTION_200801060514A	1.32593792947	0.103419093379	670.868897391	0.891663128756
CMTSOLUTION_200801090826A	0.681456750692	0.18615137082	4244.77332201	0.851553054873
CMTSOLUTION_200801091440A	1.07262355124	0.0961708104863	592.679210997	0.852002233301
CMTSOLUTION_200801100137A	0.886571722713	0.0743140460656	1371.77190882	0.987882458279
CMTSOLUTION_200801202026A	1.6173195231	0.221405677143	76.2484435693	0.90975079875
CMTSOLUTION_200801221714A	0.94055895707	0.0252903446792	343.873589851	0.918137538958
CMTSOLUTION_200801300732A	1.21711319402	0.252138369682	165.289213601	0.694608248727
CMTSOLUTION_200802041701A	0.719129342301	0.0792738480126	699.52132132	0.796880057437
CMTSOLUTION_200802080938A	1.04901745057	0.0207768645583	9224.21668544	0.980441238887
CMTSOLUTION_200802091833A	1.04833896889	0.0999714497672	246.717854305	0.965999078882
CMTSOLUTION_200802101222A	0.92991025091	0.0136978555829	545.746407855	0.866147462687
CMTSOLUTION_200802121250A	1.0913239124	0.0164978838657	665.520862736	0.94564678783
CMTSOLUTION_200802131958A	1.20667522068	0.173942206233	263.945352178	-0.903514694242
CMTSOLUTION_200802141009A	0.887444398464	0.00612545967904	6349.40308156	0.971001204714
CMTSOLUTION_200802141208A	0.740375938371	0.0340030369989	35.7331645967	0.668935562342
CMTSOLUTION_200802161445A	1.00697803733	0.0951326956482	132.589262586	0.994554461409
CMTSOLUTION_200802200808A	1.03192511986	0.122671298099	9394.01860525	0.85275750276
CMTSOLUTION_200802201827A	1.19422562554	0.0652336902922	8019.6090543	0.875961149509
CMTSOLUTION_200802210246A	1.01598983552	0.0659161440964	1911.43824234	0.981774752323
CMTSOLUTION_200802211416A	0.836641367544	0.0501982372199	512.684972857	0.975106123477
CMTSOLUTION_200802231557A	1.47182266102	0.0229582471686	158.273047684	0.94911036557
CMTSOLUTION_200802241446A	0.691184685607	0.0413509406709	250.618477982	0.902687436154
CMTSOLUTION_200802250836A	0.815750263814	0.0867442228871	6326.87464511	0.886858824935
CMTSOLUTION_200802251806A	0.780702134607	0.108851771023	907.333647439	0.974922792528
CMTSOLUTION_200802252102A	0.992110044328	0.0753243258875	52.9967369554	0.920138763548
CMTSOLUTION_200802270654A	0.617842663884	0.0210184907228	147.700483118	0.987229036251
CMTSOLUTION_200803030237A	0.944097446421	0.0144880351124	210.852765032	0.845181728356
CMTSOLUTION_200803030931A	0.850030822105	0.0336965102832	1789.74841153	0.935589629907
CMTSOLUTION_200803031349A	1.0359640823	0.162451121945	470.607081994	0.866425648731
CMTSOLUTION_200803031411A	1.09536541443	0.17533997936	362.874577184	0.866257078866
CMTSOLUTION_200803131328A	1.21033606077	0.0789694640139	242.209947609	0.933366603322
CMTSOLUTION_200803142232A	0.941923445569	0.0106548521155	292.697120472	0.770093821902
CMTSOLUTION_200803151443A	1.19830915995	0.0424227153696	168.517446308	0.813875047657
CMTSOLUTION_200803201410A	NOT FOUND	NOT FOUND	293.077678299	0.598237217109
CMTSOLUTION_200803202233A	1.04619911594	0.160749025792	47559.3234447	0.652247979867
CMTSOLUTION_200803222124A	1.06688595235	0.123993020753	197.578148777	0.971345293709
CMTSOLUTION_200803242039A	0.836811791079	0.0599182939027	148.420331831	0.977518835898
CMTSOLUTION_200803291730A	0.647883871749	0.0333174475014	785.227470052	0.774181068372
CMTSOLUTION_200804140945A	1.11762735726	0.0883665833961	114.761988452	0.949177866041
CMTSOLUTION_200804150303A	0.979182397554	0.0100093086122	594.340948825	0.95626523707
CMTSOLUTION_200804152259A	1.18508877067	0.114662221845	3868.7807042	0.935130734866
CMTSOLUTION_200804160554A	1.2944245148	0.052605023004	1491.05322076	0.879555961153
CMTSOLUTION_200804190312A	0.78649972944	0.100659790124	136.082459073	0.756805722741
CMTSOLUTION_200804231828A	1.32378275507	0.167645601995	845.968620642	0.873528898114
CMTSOLUTION_200804241214A	0.801676105951	0.0242325083469	631.572784109	0.993837429956
CMTSOLUTION_200804281557A	1.28866647018	0.157813912966	125.989649632	0.946867050196
CMTSOLUTION_200805020133A	1.0855387384	0.0459674585041	7440.08095047	0.966673967162
CMTSOLUTION_200805071602A	1.18032256479	0.0335556986887	15537.5455301	0.894447972004
CMTSOLUTION_200805071616A	1.19453240557	0.0311500613134	13431.0625499	0.869257458081
CMTSOLUTION_200805071645A	1.13121197604	0.0419109310253	760.420243005	0.900449513646
CMTSOLUTION_200805092151A	1.0628163018	0.0544562228054	1810.29940707	0.946012050437
CMTSOLUTION_200805121111A	0.839544881839	0.11724884139	16.5371374295	0.93734563763
CMTSOLUTION_200805191426A	0.684652520715	0.125665863556	242.53983518	0.93481382846
CMTSOLUTION_200805201353A	0.974310807016	0.0510028048789	434.389061448	0.964280190167
CMTSOLUTION_200805231935A	0.74839372177	0.0246918075494	7046.52004462	0.983442867459
CMTSOLUTION_200805250821A	0.549171896055	0.091365692446	1472.54272521	0.854843115021
CMTSOLUTION_200805291546A	0.870614918336	0.0420250108768	8123.61458859	0.977449211689
CMTSOLUTION_200805310437A	1.05887325948	0.0687382346228	768.982658736	0.965054069245
CMTSOLUTION_200806010157A	0.739356085612	0.0558570403208	295.214242382	0.916332225377
CMTSOLUTION_200806031620A	0.729636167894	0.0298370627411	220.828305705	0.967402512765
CMTSOLUTION_200806032204A	1.05001283043	0.0543158620623	74.8229769897	0.934574294381
CMTSOLUTION_200806050216A	0.994811006124	0.0224726611071	462.155832971	0.971660610207
CMTSOLUTION_200806061342A	1.09767675267	0.0284304473589	56.4625285818	-0.895599622678
CMTSOLUTION_200806081225A	1.11890433409	0.143269481961	3185.71236257	0.61989754193
CMTSOLUTION_200806132343A	1.19433159655	0.214225441821	13889.8170833	0.905156217078
CMTSOLUTION_200806150837A	0.913716658303	0.0153157447583	116.803535185	0.813995129703
CMTSOLUTION_200806222356A	1.10613645407	0.0230799988533	163.205623752	0.992176478942
CMTSOLUTION_200806271140A	1.00735867768	0.0418971837802	1915.83609168	0.644962056609
CMTSOLUTION_200806281254A	1.28757562812	0.0235761206149	487.143864392	0.91330013784
CMTSOLUTION_200806292053A	NOT FOUND	NOT FOUND	8.95649671496	0.427619965891
CMTSOLUTION_200806300617A	1.06257635052	0.0626292835006	2586.1513291	0.965984872382
CMTSOLUTION_200807050212A	1.76178894257	0.479844256037	18252.6832789	-0.838858453626
CMTSOLUTION_200807080742A	0.727169126734	0.0705936257007	551.381428066	0.942073654879
CMTSOLUTION_200807080913A	0.813486194261	0.0986587972857	9.99608113731	-0.893001450567
CMTSOLUTION_200807131458A	1.05428254689	0.0246858873987	3435.25539376	0.945054656769
CMTSOLUTION_200807150326A	1.06730793465	0.0216358786001	3962.4346729	0.931983685353
CMTSOLUTION_200807190239A	2.77532906695	0.206929642869	20568.7604817	0.856027349719
CMTSOLUTION_200807190927A	0.910763325434	0.101074282288	717.693983392	0.952596705876
CMTSOLUTION_200807191101A	0.918261033162	0.106740953357	9.74385757986	0.941159281399
CMTSOLUTION_200807231526A	1.27436855724	0.169229044182	949.549292419	0.923493476806
CMTSOLUTION_200807240143A	0.999454509451	0.0500278926064	1814.71226673	0.983917851032
CMTSOLUTION_200807282140A	0.829117697586	0.145273870614	308.755403269	0.879872111656
CMTSOLUTION_200808042045A	DiffNPTS	DiffNPTS	DiffDelta	DiffNPTS
CMTSOLUTION_200808050949A	1.01654899405	0.179309281665	473.9326581	0.632736906648
CMTSOLUTION_200808100820A	0.764213336765	0.064346522091	798.979177786	0.62449538051
CMTSOLUTION_200808112338A	0.883211026756	0.00754186967147	695.072538942	0.996699168345
CMTSOLUTION_200808151025A	1.43543434295	0.0468368150149	439.968686434	0.679569241025
CMTSOLUTION_200808211224A	0.618852861865	0.0492193031954	612.880389445	0.922675474942
CMTSOLUTION_200808220747A	NOT FOUND	NOT FOUND	128.109080675	0.591068185519
CMTSOLUTION_200808251322A	0.661271585222	0.0740102127042	959.24260317	0.933582135143
CMTSOLUTION_200808262100A	2.49017326974	0.0966135658462	455.517030479	-0.774820850779
CMTSOLUTION_200808270135A	0.984560973219	0.147052283174	2713.03712866	0.903276142882
CMTSOLUTION_200808281522A	1.06142929212	0.0246793172529	331.899135969	0.89522930542
CMTSOLUTION_200808300654A	0.868452862658	0.0492135665303	535.019922005	0.955295564935
CMTSOLUTION_200809031125A	0.989926565331	0.0947351150494	58.8698469321	0.774280603481
CMTSOLUTION_200809101100A	0.648212726122	0.0264419311864	19323.4875461	-0.892115525392
CMTSOLUTION_200809101308A	0.777065597436	0.0302611433281	1244.13115555	0.993571374008
CMTSOLUTION_200809110000A	0.926320645992	0.0705496013336	27006.9758192	0.891035933648
CMTSOLUTION_200809110020A	0.908579278586	0.0856362296372	19599.4048015	0.886592694221
CMTSOLUTION_200809180141A	1.01127168174	0.0151393457007	280.640485372	0.936139650289
CMTSOLUTION_200809240233A	0.900853494849	0.032020725467	1337.7972652	0.983493913222
CMTSOLUTION_200809250147A	0.813726362351	0.0742888306029	628.376646555	0.971759719284
CMTSOLUTION_200810051552A	1.06442702198	0.0818563826696	4775.4309421	0.993828093865
CMTSOLUTION_200810060830A	1.34889264062	0.0448284875693	1222.57643673	0.619661675222
CMTSOLUTION_200810110906A	0.847526124701	0.110317508551	580.765223522	0.944151489331
CMTSOLUTION_200810111040A	0.934699939014	0.0281648609539	40.4525905754	0.952581824258
CMTSOLUTION_200810122055A	1.39229407876	0.0791238399868	193.01031813	0.730859975209
CMTSOLUTION_200810140206A	1.6065945122	0.0165625617285	320.05479538	0.851799591472
CMTSOLUTION_200810161941A	0.808536377004	0.00784494984301	1176.03384577	0.978323834285
CMTSOLUTION_200810231004A	1.58236299347	0.0186682729014	476.835065599	0.853048770495
CMTSOLUTION_200810281600A	0.791222618923	0.108442078492	202.914826247	0.970525007928
CMTSOLUTION_200810282309A	1.18606532089	0.099058476276	1473.28809463	0.772021013371
CMTSOLUTION_200810291132A	NOT FOUND	NOT FOUND	2577.45818365	0.593796433711
CMTSOLUTION_200810301515A	1.05403724931	0.0284644823559	137.229474167	0.975850302771
CMTSOLUTION_200811010113A	0.757134418855	0.0310182644957	79.9514882047	0.982566746868
CMTSOLUTION_200811021348A	1.06034645657	0.0198096659706	271.625677869	0.953070679771
CMTSOLUTION_200811071604A	0.969527335147	0.119172140354	345.155295146	0.789885949824
CMTSOLUTION_200811100122A	0.760045635899	0.117717979308	3794.23623409	0.962347624193
CMTSOLUTION_200811161702A	0.716253236269	0.0343105594073	9220.2786794	0.909157306716
CMTSOLUTION_200811190611A	1.11699697166	0.0783946836537	676.944944702	0.969219874061
CMTSOLUTION_200811210705A	1.15789760586	0.138144058179	56.7335815066	0.961233307891
CMTSOLUTION_200811221600A	NOT FOUND	NOT FOUND	1380.39292633	0.561763313741
CMTSOLUTION_200811221849A	1.00521766541	0.0902655980147	50.246997942	0.982536355085
CMTSOLUTION_200811240902A	NOT FOUND	NOT FOUND	3086.26015479	0.461661013707
CMTSOLUTION_200812061055A	NOT FOUND	NOT FOUND	127.982993613	0.326155236048
CMTSOLUTION_200812081839A	0.798912490423	0.0254358217043	171.369833291	0.747476494505
CMTSOLUTION_200812130827A	1.59444128789	0.0989973591853	73.8898356195	0.79882775537
CMTSOLUTION_200812172157A	NOT FOUND	NOT FOUND	62.2331377962	-0.519242101809
CMTSOLUTION_200812182119A	0.876603152513	0.0171315482454	1109.80747957	0.994730817512
CMTSOLUTION_200812190831A	0.990571160728	0.0313260722785	882.858310192	0.97558170567
CMTSOLUTION_200812201029A	2.86757698551	0.414650308309	1784.05293409	0.934249273104
CMTSOLUTION_200812250320A	1.48319770886	0.245218642064	168.732968222	0.615865431364
CMTSOLUTION_200812282259A	1.77311542075	0.0752422319207	23.930829701	0.908919797602
CMTSOLUTION_200901031943A	0.872513948143	0.124952793739	8000.11331709	0.917571080181
CMTSOLUTION_200901032233A	0.928470294991	0.0370154705073	8.72931859887	0.939750137546
CMTSOLUTION_200901062248A	0.744777321634	0.0190144412899	87.3717647762	0.893162281888
CMTSOLUTION_200901081921A	0.85973528843	0.0811544208046	906.967832612	0.995512391452
CMTSOLUTION_200901130104A	1.43852006267	0.129733763126	82.3212253377	0.96125506176
CMTSOLUTION_200901151749A	0.809556575877	0.0969490511384	22921.5638081	0.974720118177
CMTSOLUTION_200901221340A	0.860290517492	0.0723681125936	230.312022889	0.978392553904
CMTSOLUTION_200901222016A	1.16051757642	0.0783433726318	58.3417179906	0.807600913955
CMTSOLUTION_200902111734A	1.03947554262	0.204583131793	8518.96249848	0.935372380192
CMTSOLUTION_200902111825A	1.04549803233	0.193096780263	96.1999061791	0.937011067625
CMTSOLUTION_200902120349A	1.0768964799	0.108226119738	268.473838939	0.935718512521
CMTSOLUTION_200902120830A	0.921153113977	0.131878254502	119.605380228	0.901851658516
CMTSOLUTION_200902121315A	1.10359005853	0.196223217381	383.010647244	0.952773147857
CMTSOLUTION_200902151004A	1.69682664986	0.217965781452	172.413349346	-0.93473078646
CMTSOLUTION_200902162316A	1.30217196206	0.0276597783375	861.039513465	0.726493160915
CMTSOLUTION_200902170528A	1.26253681327	0.0531754738322	8.94386373373	-0.959639049002
CMTSOLUTION_200902221745A	0.845311123499	0.0871153653639	386.80565608	0.769659362244
CMTSOLUTION_200902281433A	0.999240050966	0.0100513109374	397.111866632	0.929290212695
CMTSOLUTION_200903061050A	0.91979098756	0.0103028625999	2338.16136764	0.996505883679
CMTSOLUTION_200903122323A	0.869565020586	0.0215068042092	804.995014008	0.994041689569
CMTSOLUTION_200903161415A	1.0374926666	0.134742408987	701.658215694	0.731144304551
CMTSOLUTION_200904010355A	1.12621886	0.0151434964473	785.894698682	0.994667996465
CMTSOLUTION_200904040531A	0.973103330534	0.0614377974577	427.711802182	0.866639844512
CMTSOLUTION_200904070423A	0.734620602822	0.0730783921606	5364.39282416	0.946616956651
CMTSOLUTION_200904152001A	0.64686820358	0.123921115765	131.115963611	0.956065522619
CMTSOLUTION_200904161457A	1.37273973845	0.115021922465	1885.03243345	0.992239640929
CMTSOLUTION_200904170208A	0.90292015231	0.0450301175909	306.385542194	0.971915681806
CMTSOLUTION_200904181917A	0.89584305383	0.0697519549761	1452.88338583	0.945791391739
CMTSOLUTION_200904190523A	0.888166253609	0.109929862732	48.2568713915	0.940109599418
CMTSOLUTION_200904210526A	0.958212247473	0.0513806507542	161.444297028	0.970255540996
CMTSOLUTION_200904251718A	0.819998786397	0.0183843223162	30.0095510632	0.950310867403
CMTSOLUTION_200904281954A	1.16460246166	0.185135630383	189.321952267	0.9647327052
CMTSOLUTION_200905031621A	0.905522612567	0.108241357125	227.441959526	0.958109992971
CMTSOLUTION_200905100116A	0.646231259833	0.0161363752945	334.559697427	0.988360125142
CMTSOLUTION_200905120126A	0.735167339543	0.0250888289611	182.261540539	0.963684979319
CMTSOLUTION_200905191735A	0.547155518086	0.0473591221601	132.38685151	0.94767190743
CMTSOLUTION_200905241617A	NOT FOUND	NOT FOUND	206.852356691	0.262981882842
CMTSOLUTION_200905280824A	0.841324366922	0.0317981441502	5313.48976819	0.988023675389
CMTSOLUTION_200906041725A	1.196600837	0.0951942747625	909.608616112	0.972576851106
CMTSOLUTION_200906050330A	1.12964688024	0.118666363651	4464.01216462	0.982437264918
CMTSOLUTION_200906062033A	0.860570338233	0.0625152304301	349.209025469	0.984606157635
CMTSOLUTION_200906140558A	1.24535862869	0.181924452076	367.437332012	0.894460815486
CMTSOLUTION_200906162005A	0.972934123748	0.0290375110574	453.638601142	0.944088283682
CMTSOLUTION_200906191405A	1.0716988347	0.00449339271358	1591.05158477	0.889582277898
CMTSOLUTION_200906200828A	NOT FOUND	NOT FOUND	57.8826696292	0.458404256489
CMTSOLUTION_200906231419A	0.843047083138	0.0230648863992	836.208407421	0.986865681699
CMTSOLUTION_200907010930A	1.11816758556	0.0155519652122	6167.48127002	0.966718872696
CMTSOLUTION_200907040649A	0.928934889311	0.0479427103344	359.078109987	0.98968456943
CMTSOLUTION_200907061453A	0.874562902394	0.0149239002129	312.697188699	0.964852871965
CMTSOLUTION_200907071911A	1.50520582533	0.0992668894559	260.115949878	-0.924680838684
CMTSOLUTION_200907081923A	0.90087339327	0.0709027571647	220.428706699	0.948483739725
CMTSOLUTION_200907120612A	1.69960896969	0.0631866957529	146.991513952	-0.74302923066
CMTSOLUTION_200907131805A	0.935032337124	0.194259091542	3425.29767947	0.877853353602
CMTSOLUTION_200907300737A	0.823371077973	0.151862084631	31.6326550036	0.790187782654
CMTSOLUTION_200908020854A	0.568518096198	0.018267485741	143.563716801	0.818034461397
CMTSOLUTION_200908031800A	1.47129953962	0.591346097309	11014.1984421	0.908505889861
CMTSOLUTION_200908031840A	1.53145132847	0.593678648274	1714.96836348	0.837366585865
CMTSOLUTION_200908050018A	1.36400606222	0.0644638853913	788.911428931	0.870586199691
CMTSOLUTION_200908091055A	1.31550234582	0.00654581253453	1696.20756879	0.964516804728
CMTSOLUTION_200908100406A	1.00243159802	0.0369954610541	1019.6679132	0.978297875205
CMTSOLUTION_200908101955A	1.03320391466	0.0111225338927	8516.44195591	0.976549692782
CMTSOLUTION_200908122248A	2.16469376435	0.197143259221	1392.7367835	0.867779273317
CMTSOLUTION_200908160738A	DiffNPTS	DiffNPTS	DiffDelta	DiffNPTS
CMTSOLUTION_200908170005A	NOT FOUND	NOT FOUND	10764.4061885	-0.506175130001
CMTSOLUTION_200908171011A	1.46528629223	0.0994201661988	1483.78774027	0.831975310724
CMTSOLUTION_200908200635A	1.0524217829	0.0237020437015	1259.70005238	0.966210729045
CMTSOLUTION_200908280151A	1.12497091744	0.41780580417	2074.36970626	0.719306842247
CMTSOLUTION_200908280152A	1.21891056492	0.500440449477	1932.8069861	0.719739277315
CMTSOLUTION_200909020755A	1.26492549121	0.0656027176306	8168.55646688	0.965867185545
CMTSOLUTION_200909031326A	NOT FOUND	NOT FOUND	133.419858132	0.532521489217
CMTSOLUTION_200909062149A	1.22986708635	0.0412704556479	817.760657293	0.74048340862
CMTSOLUTION_200909071612A	1.73311824464	0.192365696831	293.396562691	0.758212057791
CMTSOLUTION_200909072241A	0.728542198913	0.0182139789147	1164.30455959	0.878202738009
CMTSOLUTION_200909122006A	0.810105798551	0.0488586687807	2368.31464933	0.959662383293
CMTSOLUTION_200909172321A	0.849804930736	0.0521806733335	157.865694598	0.926346407706
CMTSOLUTION_200909210853A	0.728443393824	0.105974948632	641.263134277	0.938916552027
CMTSOLUTION_200909240716A	0.940428109837	0.0204450592409	1336.33516496	0.977550046968
CMTSOLUTION_200909301016A	NOT FOUND	NOT FOUND	5640.78119701	0.433925440911
CMTSOLUTION_200910010152A	1.10840161969	0.0966617408653	2811.64119297	0.873848810124
CMTSOLUTION_200910041058A	0.621075105682	0.0977405564778	77.1742506152	-0.883232645617
CMTSOLUTION_200911280604A	1.10245120573	0.131795005932	155.049732423	0.967558718021
CMTSOLUTION_200911281810A	1.2092630403	0.0516722768457	166.90477826	0.940088538422
CMTSOLUTION_200912091600A	0.984712771427	0.0322071802345	393.118531686	0.830866649782
CMTSOLUTION_200912100230A	1.5380629559	0.199278437379	89.0066478142	-0.683971810626
CMTSOLUTION_200912170137A	1.16684300883	0.22994891374	1119.10414903	0.912545872024
CMTSOLUTION_200912171455A	1.0694276871	0.0304456756531	57.883531969	-0.678824917413
CMTSOLUTION_200912191302A	1.62511973464	0.30244897161	3334.63653926	0.973600447455
CMTSOLUTION_200912192319A	1.38785918869	0.20764182252	192.09321735	0.742627672141
CMTSOLUTION_200912240023A	NOT FOUND	NOT FOUND	213.789881807	0.274452581821
CMTSOLUTION_200912260857A	1.70574519627	0.154455451285	53.252876232	0.785797459933
CMTSOLUTION_201001020845A	0.919663671284	0.0331310290661	504.311083714	0.997004451112
CMTSOLUTION_201001032148A	0.962138458824	0.0942366320323	2556.88693712	0.886202097728
CMTSOLUTION_201001032236A	1.45382732501	0.200646417623	1581.97260646	0.924735311595
CMTSOLUTION_201001050455A	1.07715811798	0.0259313024087	1367.79495184	0.740737093894
CMTSOLUTION_201001051215A	0.631776572081	0.0316910430562	1775.38236111	0.976951812537
CMTSOLUTION_201001051311A	0.649745134077	0.0331007524724	70.9159833788	0.977249981916
CMTSOLUTION_201001090551A	NOT FOUND	NOT FOUND	31.4144695642	-0.0507464322987
CMTSOLUTION_201001171200A	0.895105509444	0.00645458409953	185.8842517	0.978232002942
CMTSOLUTION_201001181556A	1.09515388158	0.0468131527186	299.712507766	0.736600987065
CMTSOLUTION_201001220046A	0.977012663452	0.0476369678094	204.123523456	0.807260974297
CMTSOLUTION_201002012228A	0.760987833756	0.0304334478998	494.15466656	0.989562722811
CMTSOLUTION_201002050659A	1.1181692424	0.310338254514	287.023825739	0.718787839544
CMTSOLUTION_201002060444A	0.830419328393	0.081189924832	328.846744831	0.987941459739
CMTSOLUTION_201002070610A	1.24487584851	0.0754810569814	909.814183478	0.86548415939
CMTSOLUTION_201002112156A	1.11539953715	0.0272122941479	557.050485147	0.905255693476
CMTSOLUTION_201002152151A	1.15696871203	0.085288421781	109.737459555	0.697808110759
CMTSOLUTION_201002180113A	NOT FOUND	NOT FOUND	1018.19478326	0.489914045517
CMTSOLUTION_201002231025A	0.752384692408	0.0583500248935	36.9755975172	-0.901842424741
CMTSOLUTION_201002262031A	2.11186993179	0.359139621019	6698.22793796	-0.76698661326
CMTSOLUTION_201002271545A	0.816889207686	0.027252600561	58.3788788662	0.994979146567
CMTSOLUTION_201002271900A	0.79869193828	0.0075157294376	14.4551675055	0.99353475396
CMTSOLUTION_201002281125A	0.813568682036	0.0358038644257	485.927484288	0.992900363381
CMTSOLUTION_201003031744A	0.803355171317	0.0258115147618	541.235417793	0.968989628379
CMTSOLUTION_201003040018A	0.738833883804	0.126995265699	898.74884556	0.982641574492
CMTSOLUTION_201003040159A	0.735249797186	0.127628566133	8.68534265148	-0.968328692774
CMTSOLUTION_201003042239A	0.967327199118	0.045761063719	528.582262823	0.987540445082
CMTSOLUTION_201003050919A	0.79004034093	0.0310235044701	265.207174	0.99707991577
CMTSOLUTION_201003051147A	0.78874250155	0.026300591519	565.715157856	0.996128503558
CMTSOLUTION_201003051606A	1.62119761844	0.275269867263	1193.1237612	0.888225629102
CMTSOLUTION_201003070705A	0.858811682369	0.0327703710098	87.7023018273	0.991499050001
CMTSOLUTION_201003080232A	1.81384785511	0.0320398304092	2021.64566756	0.816520378031
CMTSOLUTION_201003080747A	1.67042935601	0.113580658109	282.8482903	0.798990927238
CMTSOLUTION_201003080947A	1.08021707239	0.113668090129	12.5093581802	0.865288325483
CMTSOLUTION_201003081112A	1.09599343967	0.141573812588	6.31747609945	0.901091231175
CMTSOLUTION_201003111439A	0.783554683313	0.0156436041852	4656.23195105	0.983189033266
CMTSOLUTION_201003111455A	0.779735299952	0.0175810555632	7125.53581145	0.996295131431
CMTSOLUTION_201003140057A	0.765636411389	0.107868393277	378.554817635	0.896678378028
CMTSOLUTION_201003140808A	0.858039593018	0.0085209828933	4807.96259115	0.998354585968
CMTSOLUTION_201003151108A	0.723302799901	0.0532861406563	69.2895332128	0.98876298341
CMTSOLUTION_201003160221A	0.740183466123	0.0135316589352	5962.23806404	0.996314985319
CMTSOLUTION_201003201400A	1.06464880754	0.158349317959	341.109720047	0.739034105066
CMTSOLUTION_201003241411A	1.25648348566	0.0233935306072	43.1462941317	0.91058410128
CMTSOLUTION_201003250529A	NOT FOUND	NOT FOUND	238.760058948	0.584640994272
CMTSOLUTION_201003261452A	0.712036618441	0.0213530801725	331.379680824	0.925470161497
CMTSOLUTION_201003282138A	0.726869368412	0.080348585879	110.277744187	0.993240022895
CMTSOLUTION_201003301654A	1.59317202313	0.0109151060785	1119.88358987	0.99362244413
CMTSOLUTION_201004022258A	0.833752616181	0.0393639635841	364.410256582	0.996588649591
CMTSOLUTION_201004042240A	0.566016908987	0.0318140607913	2199.52089812	0.965203955596
CMTSOLUTION_201004051005A	1.3118066186	0.180562203617	401.948952242	0.950569061262
CMTSOLUTION_201004062215A	0.919227577874	0.0469279798438	32106.2214712	0.987510247275
CMTSOLUTION_201004071433A	0.80568788465	0.0142181239056	183.681280396	0.969914844613
CMTSOLUTION_201004110940A	0.75719214806	0.0513035153086	3151.89867227	0.970423548554
CMTSOLUTION_201004112208A	0.728122324237	0.0214967295862	970.572168896	-0.867147505918
CMTSOLUTION_201004132349A	1.06411784201	0.0148865380346	6495.73465253	0.895407341024
CMTSOLUTION_201004140125A	1.44706851273	0.150884544626	5.12146036792	0.792461067538
CMTSOLUTION_201004172315A	0.865209040506	0.037421508432	417.548696644	0.978337604676
CMTSOLUTION_201004231003A	0.97623979614	0.0671192478047	731.493005147	0.986588321641
CMTSOLUTION_201004240741A	1.81599039515	0.319467657456	99.3599499004	0.880235768613
CMTSOLUTION_201004260259A	0.831847997328	0.100004974034	2725.50872605	0.7654341752
CMTSOLUTION_201004302311A	0.941410270394	0.0543405723116	5835.47969727	0.948838453028
CMTSOLUTION_201004302316A	0.940445687562	0.0551089502078	5993.67943357	0.934426640444
CMTSOLUTION_201005031027A	1.1158192157	0.326995994217	104.096985062	0.638560613738
CMTSOLUTION_201005032309A	0.900494617389	0.0382204950207	1209.17602595	0.965479748183
CMTSOLUTION_201005051629A	0.882077908866	0.1039920401	1260.59519299	0.911343826843
CMTSOLUTION_201005060242A	0.728347621232	0.0246922450456	583.437136038	0.987642242223
CMTSOLUTION_201005090559A	1.35106525343	0.272098483081	9424.62916588	0.841543297713
CMTSOLUTION_201005141229A	0.959334185155	0.0461488212084	401.710468029	0.7728462601
CMTSOLUTION_201005160652A	0.69136929894	0.0873644320916	19.3982345112	0.652174624585
CMTSOLUTION_201005190415A	NOT FOUND	NOT FOUND	137.991532783	0.518204671617
CMTSOLUTION_201005232246A	0.944600882066	0.030763708775	48.4713555135	0.958137689142
CMTSOLUTION_201005241618A	NOT FOUND	NOT FOUND	433.482222713	-0.459415670109
CMTSOLUTION_201005251009A	0.86766847097	0.0380380089155	1950.98440737	0.970876002362
CMTSOLUTION_201005260853A	2.03625681096	0.38274839428	2396.93989027	0.711443359551
CMTSOLUTION_201005311951A	0.709059360033	0.124360685347	335.722100438	0.841793853445
CMTSOLUTION_201006010326A	1.00885792909	0.0279921900448	449.376584908	0.962422004457
CMTSOLUTION_201006121926A	1.35948053087	0.202510282499	18468.6842979	0.782179125109
CMTSOLUTION_201006160306A	1.32364251999	0.0373330880339	2322.96069544	0.93995604057
CMTSOLUTION_201006160316A	1.39576048558	0.152110608142	2797.26634467	0.833492971533
CMTSOLUTION_201006160358A	1.4012614731	0.149487331571	537.722754547	0.799052565807
CMTSOLUTION_201006180223A	0.860517030653	0.0324977230274	858.85460077	0.985479889947
CMTSOLUTION_201006240532A	1.05103740493	0.0171402486545	75.7312164756	0.990922135176
CMTSOLUTION_201006260530A	0.904660531899	0.1261525657	5217.71505255	0.947761265003
CMTSOLUTION_201006300722A	0.803015736005	0.0678419383798	259.745773088	0.994050129343
CMTSOLUTION_201007042155A	1.70209838873	0.360310035411	1101.23799963	0.834504862619
CMTSOLUTION_201007101143A	0.957751596736	0.107239271005	617.693824034	0.945555878231
CMTSOLUTION_201007120011A	0.881002080992	0.0176017975817	877.672294395	0.937763995235
CMTSOLUTION_201007140832A	0.973634488326	0.0256927263204	2982.43135293	0.993873679958
CMTSOLUTION_201007161853A	NOT FOUND	NOT FOUND	132.788085262	0.097491308586
CMTSOLUTION_201007180556A	0.835337569312	0.0259140066822	3259.23937445	0.913502016251
CMTSOLUTION_201007181304A	0.81391243239	0.0182249363875	12428.9715194	0.988666465057
CMTSOLUTION_201007181335A	0.807283944246	0.018964525275	11642.3317783	0.972580129084
CMTSOLUTION_201007181948A	1.00293182412	0.0848993701718	89.0712693108	0.974199986217
CMTSOLUTION_201007201918A	0.810179839717	0.0349287593256	271.811476377	0.939003534831
CMTSOLUTION_201007210916A	1.5715550465	0.156719828809	112.490558435	0.853387869677
CMTSOLUTION_201007232208A	1.66760688807	0.0510886966356	5452.26830649	-0.967100688417
CMTSOLUTION_201007232251A	1.68091905272	0.044906681821	261.257999929	-0.955268195156
CMTSOLUTION_201007232315A	1.67559058171	0.0487307971761	62.5971702041	-0.966267102814
CMTSOLUTION_201007240535A	1.85189947788	0.144441184032	59.7743774094	-0.939735084884
CMTSOLUTION_201007290731A	2.04294154485	0.10169024998	223.616186695	-0.849669003543
CMTSOLUTION_201007300356A	0.582996485987	0.0213256524685	2663.92127964	0.918385256289
CMTSOLUTION_201008031208A	1.09946274163	0.197362631059	610.890071802	0.973056090455
CMTSOLUTION_201008040715A	0.929634869149	0.024412644523	18.5763099465	0.926921329017
CMTSOLUTION_201008041258A	1.06450224494	0.0210202222853	986.071790029	0.970750141537
CMTSOLUTION_201008042201A	0.888646609891	0.104437450186	2533.34668379	0.909818401122
CMTSOLUTION_201008121154A	NOT FOUND	NOT FOUND	5085.65080956	0.477180505226
CMTSOLUTION_201008132119A	0.92299615225	0.0476071507072	15494.4312019	0.996783367018
CMTSOLUTION_201008140730A	0.914814238254	0.031995490957	1594.6204191	0.980738053539
CMTSOLUTION_201008142301A	0.891380959174	0.024305296765	1887.86069387	0.982102845825
CMTSOLUTION_201008151509A	1.34325537546	0.0511580173537	80.3017226374	0.919636592664
CMTSOLUTION_201008160330A	1.40336815074	0.0871489998395	111.204709564	0.788109381332
CMTSOLUTION_201008181628A	0.916132996174	0.018738661077	914.487463239	0.993564739362
CMTSOLUTION_201008201756A	0.812944885834	0.0197672199578	137.418086223	0.95618446517
CMTSOLUTION_201008221023A	NOT FOUND	NOT FOUND	195.780535579	0.333963618652
CMTSOLUTION_201008240212A	0.94913985247	0.0311562562391	294.137117344	0.983273836873
CMTSOLUTION_201009031116A	1.02386685199	0.0315085707885	2705.14904509	0.968474316789
CMTSOLUTION_201009090728A	0.757838982766	0.0589315379824	403.653212415	0.99663532977
CMTSOLUTION_201009171921A	0.974405355246	0.0923083571916	240.113367307	0.808806257637
CMTSOLUTION_201009261212A	NOT FOUND	NOT FOUND	82.8177184084	0.512651114885
CMTSOLUTION_201009270008A	0.853927630628	0.066658229979	265.031789852	0.94675967128
CMTSOLUTION_201009291711A	1.1769527406	0.0989112389889	1705.67280914	0.894355322356
CMTSOLUTION_201010031521A	0.998506634836	0.0443750393728	109.196507416	0.856283372212
CMTSOLUTION_201010041328A	0.843605886598	0.144015650542	297.737896599	0.954063772633
CMTSOLUTION_201010080326A	0.917334121905	0.0554010123907	1198.91029878	0.92967330765
CMTSOLUTION_201010080349A	0.919836656717	0.0547224831164	1202.29228575	0.958640890026
CMTSOLUTION_201010080543A	1.29578684733	0.0415416205495	4.92043940612	0.840503345557
CMTSOLUTION_201010211753A	0.826824255774	0.0132824678628	9367.84306625	0.971016783592
CMTSOLUTION_201010251442A	0.913186352924	0.0375517271203	1666.64122051	0.945278280408
CMTSOLUTION_201010251937A	1.05788490115	0.0289306823896	32.0414663107	0.923064802033
CMTSOLUTION_201011030056A	NOT FOUND	NOT FOUND	123.857767027	-0.282625140919
CMTSOLUTION_201011030251A	0.725747725456	0.0618202444842	40.7793934041	0.879940058246
CMTSOLUTION_201011031118A	2.13505868413	0.0540410529669	111.648028676	0.705266850945
CMTSOLUTION_201011031813A	0.466804956426	0.0199758663365	24.9104800406	0.912933999409
CMTSOLUTION_201011100405A	0.938454932858	0.150252544642	701.153798053	0.827716583127
CMTSOLUTION_201011230901A	0.640346990898	0.0564933689371	252.281457726	0.990695125394
CMTSOLUTION_201011300324A	0.799798202447	0.0894281548021	285.627232584	0.731360457695
CMTSOLUTION_201012020312A	0.81053985311	0.052219506765	3548.9360604	0.978539554569
CMTSOLUTION_201012080524A	0.774208171684	0.0823815342732	310.486977167	0.938347875852
CMTSOLUTION_201012130114A	0.983167490953	0.113861397825	108.568161136	0.922348081975
CMTSOLUTION_201012151129A	NOT FOUND	NOT FOUND	45.6198749757	0.565366842753
CMTSOLUTION_201012201841A	NOT FOUND	NOT FOUND	394.34141633	0.538526560773
CMTSOLUTION_201012211719A	1.4760070177	0.0856875151329	9218.87509597	0.917667110015
CMTSOLUTION_201012222149A	2.12950144475	0.238225538253	283.732155145	0.730963584491
CMTSOLUTION_201012231400A	0.968273992937	0.0152080341411	1592.40071371	0.974494265186
CMTSOLUTION_201101010956A	NOT FOUND	NOT FOUND	1558.550791	0.507575954091
CMTSOLUTION_201101022020A	0.705778017176	0.0221329148178	7025.9299022	0.95708512232
CMTSOLUTION_201101122132A	1.23705135631	0.0420286533367	205.322634187	0.976275055207
CMTSOLUTION_201101171920A	0.92022017467	0.0573209709157	198.173759521	0.984695516874
CMTSOLUTION_201101182023A	0.780462315616	0.0334080382635	14428.6135378	0.815792975677
CMTSOLUTION_201101190917A	0.829119067301	0.0113826687404	186.980205155	0.951548710554
CMTSOLUTION_201101240245A	0.853633654804	0.126865659065	24.5195411535	0.923657146401
CMTSOLUTION_201101261542A	0.773531292407	0.0513857753132	170.536493949	0.891973318878
CMTSOLUTION_201101270838A	NOT FOUND	NOT FOUND	1787.98894815	0.515484032046
CMTSOLUTION_201101290655A	0.970048561807	0.010916117109	5971.35487258	0.963048186084
CMTSOLUTION_201102041353A	1.19695223728	0.053591784704	136.814800165	0.931963553178
CMTSOLUTION_201102071953A	0.74050430385	0.0193780910196	142.11363742	0.983482770715
CMTSOLUTION_201102101439A	NOT FOUND	NOT FOUND	51.6981451573	-0.541104139986
CMTSOLUTION_201102101441A	0.942162070325	0.0767981477733	56.0688723214	-0.628076962267
CMTSOLUTION_201102112005A	0.796188459498	0.0274235255934	7536.06104013	0.994064677686
CMTSOLUTION_201102112339A	0.764197870389	0.036669092237	35.2356813841	0.990903814894
CMTSOLUTION_201102120117A	0.856186669692	0.040548569942	13.9309199459	0.988631184411
CMTSOLUTION_201102140340A	0.72696480422	0.0369228497709	710.964417204	0.979166938179
CMTSOLUTION_201102151333A	0.791292939783	0.12197132182	96.3820190131	0.945646327566
CMTSOLUTION_201102202143A	0.951515628514	0.0225494035617	573.401621336	0.963994935374
CMTSOLUTION_201102251307A	0.940282655238	0.0720845354899	73.7870951766	0.838421948044
CMTSOLUTION_201103010053A	1.12215389718	0.0417572565761	74.8467094152	0.980081892385
CMTSOLUTION_201103061231A	0.919111112438	0.0456457463651	175.042368312	0.773183978997
CMTSOLUTION_201103061432A	1.01030218807	0.0196936835043	132.022790557	0.95371371944
CMTSOLUTION_201103070009A	1.02017090871	0.0204280890041	1915.51046247	0.99466194055
CMTSOLUTION_201103090245A	1.38751202128	0.0995096721593	58339.24109	0.854327538194
CMTSOLUTION_201103091816A	0.962992269762	0.0933712326343	164.601261104	0.717053173299
CMTSOLUTION_201103092124A	1.3687502931	0.0701579700022	637.444165195	0.908591275968
CMTSOLUTION_201103092124B	1.27406577006	0.0271786721773	566.350168802	0.823137415624
CMTSOLUTION_201103101708A	1.36860167479	0.232842556307	295.130557463	-0.903607967855
CMTSOLUTION_201103110546A	3.25077959274	0.225069059593	239258.68936	0.835337772606
CMTSOLUTION_201103110615A	3.41568503702	0.294908112833	145780.245005	0.770542026814
CMTSOLUTION_201103110625A	0.57102672576	0.0196495051173	127.649863832	0.781895865128
CMTSOLUTION_201103111859A	0.740861865848	0.0436057431399	34.1279958015	0.824583643993
CMTSOLUTION_201103111902A	0.732604519433	0.0390780887479	47.0151617119	0.838477906402
CMTSOLUTION_201103111946A	0.735861986669	0.0453063122589	31.9881165574	0.81026954447
CMTSOLUTION_201103112011A	0.744835000673	0.0276843862765	16.301850344	0.895666362702
CMTSOLUTION_201103120147A	1.33820255065	0.249115567099	564.993588548	0.816727562914
CMTSOLUTION_201103121315A	1.08681887381	0.123849946366	98.331204575	0.901501233053
CMTSOLUTION_201103130126A	0.741073845528	0.010298295463	131.24266624	0.951667305488
CMTSOLUTION_201103140612A	1.42990727028	0.084584207956	463.220616251	0.924893721889
CMTSOLUTION_201103151327A	1.13869121998	0.0923017062859	89.5233251349	0.944087558947
CMTSOLUTION_201103151331A	1.17023822421	0.112828229226	147.172718673	0.92342265392
CMTSOLUTION_201103151523A	1.25692042613	0.0764478597406	40.1400086719	0.965475218215
CMTSOLUTION_201103170413A	1.41154070908	0.106201609837	53.2841638684	0.948948182548
CMTSOLUTION_201103200826A	1.09213659663	0.064529082069	109.098551615	0.973367702455
CMTSOLUTION_201103220718A	1.41508982476	0.375660176957	592.176801478	0.924066486128
CMTSOLUTION_201103220919A	1.54265400974	0.0522994591653	94.1799015763	0.710834496281
CMTSOLUTION_201103220944A	1.50392778602	0.0494848852633	311.283431588	0.821236008568
CMTSOLUTION_201103241355A	1.38507417596	0.310746476982	8705.25043988	0.779952997218
CMTSOLUTION_201103251136A	0.806516900591	0.0334850192062	594.550169554	0.956281677599
CMTSOLUTION_201103272223A	1.09583854919	0.0994768388805	1294.71297579	0.860500899195
CMTSOLUTION_201103291054A	0.983235918836	0.0803007171396	2478.03268315	0.978212836653
CMTSOLUTION_201103310715A	0.794028412676	0.0597835982358	528.692687608	0.963040387281
CMTSOLUTION_201104011329A	0.932978015117	0.102190898356	33.5437670293	0.69819955338
CMTSOLUTION_201104032006A	1.12271855064	0.148945197212	1518.95115111	0.900239206617
CMTSOLUTION_201104071311A	1.44062561488	0.171993249097	15943.3842471	-0.688840714783
CMTSOLUTION_201104071432A	1.04118930451	0.0261515434692	132.232642782	0.971614696409
CMTSOLUTION_201104091257A	1.06253430819	0.113721727405	659.380479293	0.917024269196
CMTSOLUTION_201104110816A	2.42523753133	0.076827685429	2839.491671	0.89547372415
CMTSOLUTION_201104112308A	3.10251292158	1.09059382968	2939.37460503	0.918631380954
CMTSOLUTION_201104131957A	1.61840610723	0.108093031571	2277.67057909	0.771081514986
CMTSOLUTION_201104211337A	1.29040719609	0.0618695876697	473.337337912	0.918488167384
CMTSOLUTION_201104230416A	1.08128495373	0.0356616984935	3923.76174278	0.8058574885
CMTSOLUTION_201104231012A	0.982153139558	0.0876764546918	431.3258011	0.935098345281
CMTSOLUTION_201104242307A	NOT FOUND	NOT FOUND	1020.22437752	-0.159428002198
CMTSOLUTION_201104300819A	0.91460397662	0.0153876673253	78.6999030921	0.899897546157
CMTSOLUTION_201105061620A	0.924039469739	0.0473761201659	94.6312419554	0.970809271058
CMTSOLUTION_201105080650A	1.04014802089	0.0179580780589	211.714705312	0.910722009544
CMTSOLUTION_201105111647A	2.20448618754	0.245617847009	112.390558703	-0.85064991669
CMTSOLUTION_201105132247A	2.93080270386	0.590084743349	923.121425815	-0.619577762819
CMTSOLUTION_201105132335A	1.15463871646	0.0425020605751	237.759935681	0.991719051402
CMTSOLUTION_201105142107A	NOT FOUND	NOT FOUND	580.750676748	-0.0763864061663
CMTSOLUTION_201105151308A	0.857049662189	0.0117059980021	303.419483385	0.966825559935
CMTSOLUTION_201105151837A	0.824303029093	0.0206793966042	1054.68752667	0.996046351668
CMTSOLUTION_201105192015A	NOT FOUND	NOT FOUND	513.439806084	0.487083491881
CMTSOLUTION_201105280547A	1.11900903681	0.219800244814	35.7942026725	0.885915485207
CMTSOLUTION_201106011255A	0.746314604561	0.00436460438746	882.745921219	0.992241194971
CMTSOLUTION_201106030005A	1.13978430148	0.268975308068	1805.96974308	0.911906179155
CMTSOLUTION_201106131431A	NOT FOUND	NOT FOUND	331.216635337	0.547680371851
CMTSOLUTION_201106160003A	0.994814072447	0.0260172086153	4535.72914325	0.990138265744
CMTSOLUTION_201106201635A	0.995774465202	0.0466241233627	659.868399619	0.930682100978
CMTSOLUTION_201106210204A	1.02356922653	0.0861096210644	261.727386611	0.922210460189
CMTSOLUTION_201106222150A	1.4028491494	0.0343778774407	4434.2718057	0.897287971109
CMTSOLUTION_201106230734A	NOT FOUND	NOT FOUND	1696.2944784	-0.101565660053
CMTSOLUTION_201106240309A	1.03695947223	0.0582547808396	5835.97637298	0.947285323162
CMTSOLUTION_201106261216A	1.11407928382	0.0709079869666	965.565636975	0.809357680931
CMTSOLUTION_201107100057A	1.56112457099	0.137560766724	4371.42515578	0.922451600971
CMTSOLUTION_201107112047A	1.51593771863	0.0490828441301	1631.28539924	0.856475426174
CMTSOLUTION_201107151326A	0.80382700018	0.0122704259182	36.3827465444	0.968546774945
CMTSOLUTION_201107160026A	0.847045654361	0.0299793029909	295.294019059	0.994581253882
CMTSOLUTION_201107161959A	1.03545262885	0.00723051269519	85.7424154843	0.992971464886
CMTSOLUTION_201107190713A	NOT FOUND	NOT FOUND	62.9200511959	0.55216745434
CMTSOLUTION_201107191935A	0.804625948822	0.0254451607642	1338.43614645	0.980501701105
CMTSOLUTION_201107202204A	0.765777185113	0.09165638608	220.331853673	0.881687085945
CMTSOLUTION_201107230434A	0.891426339067	0.0494893297607	924.80637556	0.955930052909
CMTSOLUTION_201107241851A	0.971314214853	0.0357046705081	1975.63181694	0.994318436252
CMTSOLUTION_201107250050A	0.94672451718	0.0085367237862	2122.41961321	0.993164145477
CMTSOLUTION_201107251757A	0.750126781104	0.135929838449	172.609648359	0.888361362367
CMTSOLUTION_201107261744A	0.80369531732	0.018920195703	660.364699237	0.996079242458
CMTSOLUTION_201107301853A	0.973566381745	0.164809427467	730.361367093	0.823262250535
CMTSOLUTION_201107312338A	0.874982424936	0.0433596032507	6948.27017978	0.964086000622
CMTSOLUTION_201108041351A	0.891969249672	0.0513149523908	1212.1211465	0.972375961165
CMTSOLUTION_201108071435A	1.06544988231	0.0185890639817	19.9017431031	0.80364655631
CMTSOLUTION_201108102345A	0.716612978251	0.20666387535	746.123427265	0.963860743272
CMTSOLUTION_201108161103A	3.15741655467	0.161210558952	160.689767903	0.719830911453
CMTSOLUTION_201108171144A	0.670999488367	0.0310706880084	1144.69534233	0.875715226531
CMTSOLUTION_201108190536A	1.01283722867	0.0391047695009	102.765169306	0.928207584959
CMTSOLUTION_201108222012A	1.11343758916	0.0783986834514	220.931564441	0.901727378733
CMTSOLUTION_201108241746A	2.63530545744	0.0629655924721	1081.24135431	-0.791409670949
CMTSOLUTION_201108300657A	NOT FOUND	NOT FOUND	1373.81629331	-0.518190437697
CMTSOLUTION_201108311217A	0.907789321356	0.0293369133773	106.658849588	0.987214622867
CMTSOLUTION_201109021055A	1.18088447816	0.0184027432504	4503.73861346	0.986604123379
CMTSOLUTION_201109021347A	0.798331922624	0.0371261448906	8.21441999571	0.962030034546
CMTSOLUTION_201109030449A	1.02396519484	0.0406294162579	1079.77127542	0.925018714661
CMTSOLUTION_201109051755A	0.616304417557	0.0852810764802	410.939607738	0.901922373967
CMTSOLUTION_201109091941A	1.12805249326	0.0833116194144	2105.41845372	0.8734612862
CMTSOLUTION_201109141810A	0.745734232784	0.0368156455111	378.277966417	0.971596693801
CMTSOLUTION_201109150800A	1.24733710114	0.0678569998019	1644.43623255	0.889477987112
CMTSOLUTION_201109161926A	1.49946899263	0.118418798979	2567.62195646	0.973380012775
CMTSOLUTION_201109162108A	1.39965560219	0.0401120024576	6.56467140002	0.851086591968
CMTSOLUTION_201109181240A	0.725673289104	0.0380976873243	2726.48196248	0.871064616887
CMTSOLUTION_201109220322A	1.52445637132	0.102688896226	1002.21698812	0.690886030083
CMTSOLUTION_201110052352A	0.898862959239	0.0428992416364	529.274899158	0.983045069301
CMTSOLUTION_201110060003A	0.896383299821	0.0397878956843	498.097282539	0.98371376125
CMTSOLUTION_201110060039A	0.894708461796	0.0357138836497	42.1942087859	0.933281949929
CMTSOLUTION_201110130316A	0.747959170963	0.0389719991221	197.666169179	0.806551487111
CMTSOLUTION_201110140335A	0.908870195496	0.0834069965034	2114.45521214	0.841806982969
CMTSOLUTION_201110140610A	0.918621619314	0.0184381414422	10.0084861881	0.990145409632
CMTSOLUTION_201110180505A	0.975348561595	0.0161730243331	587.404508309	0.983605928989
CMTSOLUTION_201110210802A	0.676401801121	0.119979283939	127.209770562	0.932073867066
CMTSOLUTION_201110231041A	1.81987532541	0.238234251401	52530.1622386	-0.724543375804
CMTSOLUTION_201110231810A	2.02256532775	0.227174680901	326.987269332	-0.906810463471
CMTSOLUTION_201110232045A	0.987183129254	0.0366535503497	390.024276258	0.921875245197
CMTSOLUTION_201110251455A	1.27606361554	0.0551838995049	311.020289456	0.677265511023
CMTSOLUTION_201110270804A	0.925898506538	0.028860566407	33.4761885553	0.607857121316
CMTSOLUTION_201110281854A	1.06201765238	0.0502421267118	4696.48830423	0.972362640618
CMTSOLUTION_201110292224A	1.43152126943	0.0673985509466	28.4652302651	0.639739770329
CMTSOLUTION_201111011232A	0.860363029663	0.0262562839353	693.454596506	0.972779287089
CMTSOLUTION_201111072235A	0.836608010087	0.0911307773406	150.2131987	0.82448634372
CMTSOLUTION_201111080259A	1.46107357854	0.141774007318	3188.62315061	0.944170845862
CMTSOLUTION_201111082205A	NOT FOUND	NOT FOUND	85.7415686329	0.561051944527
CMTSOLUTION_201111091923A	0.930289870133	0.0393883425777	865.910810213	0.711501985854
CMTSOLUTION_201111140405A	0.916532096214	0.0547989110907	531.463174378	0.925812472327
CMTSOLUTION_201111142208A	0.919249033885	0.0814221429899	36.9118366308	0.871588831654
CMTSOLUTION_201111170157A	0.698543175036	0.0981816971442	282.476124396	0.900843045391
CMTSOLUTION_201111180600A	0.79302252843	0.041124070275	109.119491032	0.965479017871
CMTSOLUTION_201111221848A	NOT FOUND	NOT FOUND	175.613941467	-0.554580919053
CMTSOLUTION_201111231217A	1.02398448046	0.0554540082998	272.303432724	0.982653392962
CMTSOLUTION_201111231924A	1.15166397005	0.0429928652767	825.330739385	0.96857337449
CMTSOLUTION_201111241025A	1.06996728236	0.051409794881	1070.98997622	0.997796852049
CMTSOLUTION_201111281226A	0.824484527283	0.035609679412	322.273132215	0.993321432229
CMTSOLUTION_201111300027A	1.77907083672	0.0806916909789	190.224555305	0.896976755149
CMTSOLUTION_201111300047A	1.87208175215	0.243229479015	178.413697316	0.740438136047
CMTSOLUTION_201112012135A	0.845186540727	0.0429371644737	48.5840638573	0.957381710635
CMTSOLUTION_201112072223A	0.829816654736	0.0411341891948	311.756447289	0.981846456534
CMTSOLUTION_201112110147A	0.914862776482	0.0568159384034	696.409362841	0.987982458185
CMTSOLUTION_201112110954A	0.98573256149	0.0448741204165	67.443604213	0.965267203976
CMTSOLUTION_201112130752A	1.35041697684	0.168462937503	60.8201252229	0.847290403021
CMTSOLUTION_201112140504A	NOT FOUND	NOT FOUND	941.411288771	0.304927205817
CMTSOLUTION_201112271521A	1.21647286578	0.0986484979045	10620.0187828	0.979860838873
CMTSOLUTION_201201010527A	0.789116423492	0.0722635031029	504.006141532	0.705249063499
CMTSOLUTION_201201101837A	1.16542089256	0.0116915856624	3633.51330052	0.945747829327
CMTSOLUTION_201201151340A	1.10066809017	0.087449042057	802.400110652	0.976391902122
CMTSOLUTION_201201151421A	1.11370723688	0.0988795612519	521.689790593	0.958321842768
CMTSOLUTION_201201211847A	0.901388518735	0.030055504623	570.953780033	0.981797752948
CMTSOLUTION_201201231604A	0.823749122082	0.0368770684134	964.524273047	0.991200554884
CMTSOLUTION_201201260424A	0.934942933049	0.0738885870129	190.864509839	0.896044852413
CMTSOLUTION_201201270133A	0.793648141861	0.0443495490115	317.658180833	0.935552826977
CMTSOLUTION_201201300511A	0.780567042407	0.0848044462469	561.179623334	0.960695946444
CMTSOLUTION_201202061010A	0.679185381131	0.029802559025	5.94946183233	0.940779930285
CMTSOLUTION_201202140134A	NOT FOUND	NOT FOUND	195.713497904	-0.591973749046
CMTSOLUTION_201202140819A	0.979156543593	0.0271918039628	96.7335255882	0.983383089833
CMTSOLUTION_201202260617A	1.21817512017	0.0829464317364	4672.26622781	0.968119946219
CMTSOLUTION_201203040331A	NOT FOUND	NOT FOUND	170.055032476	0.226414583312
CMTSOLUTION_201203050746A	NOT FOUND	NOT FOUND	11.6207976984	-0.488448424452
CMTSOLUTION_201203140908A	1.3204458814	0.169720784177	6514.39698141	0.964438061
CMTSOLUTION_201203141049A	1.313328674	0.175625086632	9.01163444144	0.939363947182
CMTSOLUTION_201203141205A	NOT FOUND	NOT FOUND	5.82539402455	0.585928926207
CMTSOLUTION_201203142113A	1.01890866322	0.0088620105646	682.993776919	0.973108646319
CMTSOLUTION_201203201756A	0.913585540848	0.175075666417	29171.2444116	-0.840385338993
CMTSOLUTION_201203201802A	0.782202546644	0.0262643793795	31168.7320714	0.970120396273
CMTSOLUTION_201203252237A	0.796009755789	0.0802079384631	5527.59612235	0.997188713867
CMTSOLUTION_201203261035A	2.08898804416	0.267522516549	15.5362392928	-0.94207783509
CMTSOLUTION_201203261812A	0.883421546941	0.103685039963	52.3769084634	0.959499795145
CMTSOLUTION_201203271100A	1.820817392	0.0972550857426	394.279611182	0.834270162337
CMTSOLUTION_201204021736A	0.769941369073	0.0121074424833	438.786519434	0.946301689312
CMTSOLUTION_201204061615A	0.689425591604	0.0252445248074	113.671927158	-0.974759567539
CMTSOLUTION_201204112241A	0.711428832477	0.0366081663174	1805.66630068	0.959960094495
CMTSOLUTION_201204112255A	0.888472931953	0.026995377491	2086.01000228	0.997031296905
CMTSOLUTION_201204120706A	0.690128176878	0.0174817818385	13592.5342089	0.996492774125
CMTSOLUTION_201204120715A	0.691107708018	0.0167371076786	15938.7439764	0.973724032813
CMTSOLUTION_201204141056A	0.795087151116	0.0313529350852	196.892166561	0.978855027354
CMTSOLUTION_201204150557A	0.719742124123	0.0278109412427	446.176945548	0.871412255983
CMTSOLUTION_201204161123A	0.858400631896	0.0411214650694	127.094942318	0.702394158977
CMTSOLUTION_201204170350A	0.826646720857	0.0304200215118	4049.37643956	0.972031610721
CMTSOLUTION_201204170713A	0.832859488653	0.0584977342907	66.8516053107	0.89374048907
CMTSOLUTION_201204171903A	1.00913569283	0.0174864227946	614.515935754	0.988909801264
CMTSOLUTION_201204200121A	2.26678739369	0.145552310572	75.6081855224	0.92153765257
CMTSOLUTION_201204210116A	1.30079207256	0.0177635591386	328.813202121	0.955361024805
CMTSOLUTION_201204210125A	1.31512936321	0.0196934030541	500.652632915	0.970640466749
CMTSOLUTION_201205012243A	0.843408956738	0.0621628527902	436.381846981	0.98424085026
CMTSOLUTION_201205031009A	1.2134403308	0.182965124577	68.6028594386	0.845775851906
CMTSOLUTION_201205031520A	NOT FOUND	NOT FOUND	62.0535954653	0.429142749752
CMTSOLUTION_201205070440A	1.10933149381	0.104999250232	578.955106242	0.912951875952
CMTSOLUTION_201205071415A	1.40803999702	0.0737297484821	106.243697016	0.817491068273
CMTSOLUTION_201205141000A	0.843423475251	0.045135114838	160.853715442	0.986898940467
CMTSOLUTION_201205180200A	0.975569417358	0.00849584874547	1348.23792172	0.976471493726
CMTSOLUTION_201205200719A	1.52436956592	0.123590243092	1543.05524171	0.827134255572
CMTSOLUTION_201205220000A	1.72022318123	0.37910853315	624.644272284	0.825764942806
CMTSOLUTION_201205231502A	0.95606881937	0.0393095505519	474.256531637	0.934646930585
CMTSOLUTION_201205242247A	0.96565512825	0.0172692827772	5166.90818692	0.988602142535
CMTSOLUTION_201205262148A	1.63085187834	0.0485862081051	21.6881958387	0.932556317384
CMTSOLUTION_201205280507A	0.930550145132	0.0811469391455	1130.93039868	0.806565476749
CMTSOLUTION_201206020752A	1.6184781936	0.0339285864951	65.8935731601	-0.810628164693
CMTSOLUTION_201206040045A	0.853307147776	0.0325014556031	618.776202933	0.992816142546
CMTSOLUTION_201206040315A	0.996800451839	0.0105570424249	64.3144387168	0.989657068973
CMTSOLUTION_201206051931A	1.02933376772	0.134626941731	2187.64961633	0.786552157912
CMTSOLUTION_201206070405A	0.83060158869	0.0579805715441	767.493942328	0.993473153734
CMTSOLUTION_201206071603A	0.950175114912	0.0265767337717	61.9726354109	0.963681752512
CMTSOLUTION_201206072054A	NOT FOUND	NOT FOUND	82.0861833407	0.221972738015
CMTSOLUTION_201206101244A	NOT FOUND	NOT FOUND	2529.52180356	0.316238670029
CMTSOLUTION_201206140552A	0.841364673824	0.0465878784137	44.5984650022	0.900161208298
CMTSOLUTION_201206172032A	0.896157795671	0.0385807017181	1907.54471821	0.869707317167
CMTSOLUTION_201206191556A	1.03039744738	0.0450438479599	400.198352218	0.98353375591
CMTSOLUTION_201206230434A	2.46062613058	0.176331475944	117.563666362	0.89988466807
CMTSOLUTION_201206240315A	1.44456841918	0.0599480255839	517.197384809	0.896557617573
CMTSOLUTION_201206251305A	1.13142998735	0.117337494854	54.0109415637	0.945534380775
CMTSOLUTION_201206292107A	1.02190342747	0.228486145278	2466.5394332	0.748305616751
CMTSOLUTION_201207081133A	1.30823802334	0.163612134501	334.495308769	0.960406489349
CMTSOLUTION_201207091355A	NOT FOUND	NOT FOUND	140.058842233	0.383899761424
CMTSOLUTION_201207200610A	1.0722875797	0.111431096912	482.673794927	0.986962388283
CMTSOLUTION_201207250027A	1.5562391037	0.249841654737	955.85738057	0.718918816137
CMTSOLUTION_201207251120A	0.578933023916	0.0483951988211	1877.28128086	0.929257145481
CMTSOLUTION_201207260533A	0.653890402428	0.0352403739005	548.348004996	0.75277726355
CMTSOLUTION_201207282004A	0.822876939352	0.0489374315032	1948.48228618	0.975642833338
CMTSOLUTION_201208020938A	1.59740133514	0.0836777468628	256.23934375	-0.791143868682
CMTSOLUTION_201208020956A	0.843159724589	0.0382905061735	343.633741301	0.995750357937
CMTSOLUTION_201208101837A	1.12480978509	0.172861019878	1185.40647899	0.96515941033
CMTSOLUTION_201208111223A	NOT FOUND	NOT FOUND	4235.25359784	0.491345700833
CMTSOLUTION_201208111234A	0.953214704493	0.130297533343	4125.94773876	0.680479407311
CMTSOLUTION_201208121047A	1.4015570531	0.115939441137	2152.99109196	-0.659131439695
CMTSOLUTION_201208140259A	1.67530190819	0.0233688178236	24533.1931196	0.705058932709
CMTSOLUTION_201208151749A	1.16075502323	0.0247404618907	24.9576278964	-0.75044739701
CMTSOLUTION_201208180941A	0.904307816325	0.0430453514093	216.265537223	0.966909441024
CMTSOLUTION_201208192241A	1.11261582424	0.083995050162	107.129022314	0.960841311083
CMTSOLUTION_201208261505A	1.30139130343	0.10942326326	606.686544541	0.850618768624
CMTSOLUTION_201208270437A	0.886506203387	0.0503874313402	7224.59454723	0.961431287678
CMTSOLUTION_201208301343A	0.983547145734	0.0360557535883	9753.32905105	0.992232853788
CMTSOLUTION_201208311247A	0.867155926	0.162604109089	9770.10475723	0.871138595707
CMTSOLUTION_201209031823A	1.0426409307	0.0381470032047	290.489494911	0.917434367508
CMTSOLUTION_201209051442A	0.932981417628	0.0262498217229	7965.95386651	0.987238052761
CMTSOLUTION_201209081051A	0.927273587984	0.177926669295	195.181319874	0.730979563087
CMTSOLUTION_201209120327A	1.10638636401	0.0872141350314	147.362557362	0.822935485108
CMTSOLUTION_201209140451A	0.927459396792	0.113598613728	493.878067618	0.732933171521
CMTSOLUTION_201209190917A	NOT FOUND	NOT FOUND	18.629530495	0.541688217276
CMTSOLUTION_201209220352A	NOT FOUND	NOT FOUND	81.9559781522	0.571877056386
CMTSOLUTION_201209252345A	0.941516041976	0.0689494902886	1563.03276862	0.988467424576
CMTSOLUTION_201209262339A	0.99072588513	0.0949689533496	857.253206123	0.983748748711
CMTSOLUTION_201209301631A	NOT FOUND	NOT FOUND	3049.50996766	-0.580126256443
CMTSOLUTION_201210012221A	1.29635109209	0.0490131248559	1182.8232326	0.969229732928
CMTSOLUTION_201210080626A	0.863539386455	0.033218589292	497.716405309	0.992308022985
CMTSOLUTION_201210081143A	0.977573960138	0.136379242173	200.835244807	0.785402081543
CMTSOLUTION_201210120031A	0.904879440312	0.0776104497742	1056.14209679	-0.809250457424
CMTSOLUTION_201210141013A	0.679470960378	0.0418420812858	268.83153837	0.989613994035
CMTSOLUTION_201210170442A	1.56192570188	0.0729783202607	37.527020409	0.969965764091
CMTSOLUTION_201210240045A	0.852053137819	0.0470049977656	2283.50235474	0.997048032132
CMTSOLUTION_201210252305A	NOT FOUND	NOT FOUND	287.329104572	0.575153688358
CMTSOLUTION_201210280304A	1.140227168	0.0647335469835	22657.0168707	0.95002238471
CMTSOLUTION_201210281854A	0.897353642059	0.0445704269317	3387.50997182	0.965401203513
CMTSOLUTION_201210300249A	1.22659577758	0.0756538554557	3565.10215458	0.965606457698
CMTSOLUTION_201211021817A	1.04103207084	0.113192987088	252.703268221	0.932857620648
CMTSOLUTION_201211070626A	1.29998696639	0.253668710348	179.026509706	0.630610676841
CMTSOLUTION_201211071635A	0.943984778078	0.113535176608	12454.0179294	0.954835269006
CMTSOLUTION_201211080201A	0.909510717789	0.0544106860357	782.753120778	0.952980732244
CMTSOLUTION_201211101457A	1.5579023047	0.605896695721	24.186982729	-0.622144303844
CMTSOLUTION_201211110112A	1.54326913555	0.186292584602	1635.97657166	0.900973433485
CMTSOLUTION_201211112215A	0.969712214661	0.0507811901984	474.443663103	0.969302584389
CMTSOLUTION_201211122042A	0.941830450713	0.115818845716	1413.97225328	0.948990526375
CMTSOLUTION_201211130431A	0.695767308496	0.0528460559462	566.612530281	0.993887643127
CMTSOLUTION_201211141902A	0.892317405453	0.0108416811566	961.56925166	0.997172829097
CMTSOLUTION_201211150920A	0.91618187739	0.0555130621605	87.0884944322	0.725583446672
CMTSOLUTION_201211161812A	0.892721407091	0.0403131189745	6092.46937342	0.977286975464
CMTSOLUTION_201211190944A	1.42780312728	0.216907170679	151.708661793	0.882520880251
CMTSOLUTION_201212070818A	1.40701332881	0.118645736042	24848.3248895	0.84776704832
CMTSOLUTION_201212070818B	1.40963919967	0.118953333436	24874.6347496	0.846995869538
CMTSOLUTION_201212070831A	1.43687486431	0.128191382177	24634.4784645	0.871128530198
CMTSOLUTION_201212101653A	1.87825636838	0.192138763701	2658.76051663	-0.836464923906
CMTSOLUTION_201212110618A	0.960612865001	0.0522946972599	62.8247173451	0.912686307349
CMTSOLUTION_201212141036A	0.805454572036	0.0287195438572	1123.69526059	0.961981513021
CMTSOLUTION_201212150449A	0.814006483645	0.0230376635306	224.117052908	0.988531766661
CMTSOLUTION_201212151930A	0.841710151989	0.0336027363199	124.407787301	0.946775739136
CMTSOLUTION_201212231331A	0.981938590843	0.102998279259	591.551893286	0.969917015584
CMTSOLUTION_201301050858A	0.807693529408	0.0173903292123	250020.175229	0.991813094883
CMTSOLUTION_201301081416A	1.37528848125	0.245178106449	1243.83224204	0.816659503564
CMTSOLUTION_201301202332A	0.837199461873	0.00862744218995	254.201724242	0.962713804498
CMTSOLUTION_201301281638A	0.969760549262	0.139781229434	760.008085536	0.921647063482
CMTSOLUTION_201301302015A	0.678320541718	0.0158490386785	2272.77081956	0.968808677317
CMTSOLUTION_201301302303A	1.01397562832	0.153659796978	8.34970151748	0.777698079426
CMTSOLUTION_201301310333A	1.06859458115	0.0443967460331	159.441592776	0.883924079829
CMTSOLUTION_201302010536A	1.43541525007	0.0858661923728	47.33436834	0.928317882639
CMTSOLUTION_201302012216A	1.00627826045	0.206565178936	180.832967341	0.921577212572
CMTSOLUTION_201302012218A	1.00536029463	0.189645907691	212.980947626	0.902942537127
CMTSOLUTION_201302021417A	1.14070565457	0.244284644711	707.891718175	0.903126381258
CMTSOLUTION_201302060007A	0.839346859358	0.0860423586037	2525.92448561	0.98851281279
CMTSOLUTION_201302060112A	0.845887636379	0.0913142224999	1044.94418498	0.988281920648
CMTSOLUTION_201302060123A	0.838619916523	0.0848022476022	696.519959855	0.985320183581
CMTSOLUTION_201302060154A	0.852558209784	0.0856859459073	95.4369001251	0.977187613922
CMTSOLUTION_201302060635A	1.09826760464	0.081460561764	19.8707408062	0.807199671923
CMTSOLUTION_201302061153A	1.01528669621	0.0448336320662	20.8467643933	0.98651816614
CMTSOLUTION_201302160437A	1.74532430506	0.219213777586	98.0938551117	0.685873258743
CMTSOLUTION_201302170542A	0.826352367981	0.0511620204774	98.3698926517	0.715385192579
CMTSOLUTION_201302221201A	NOT FOUND	NOT FOUND	73.3899180209	0.588549536619
CMTSOLUTION_201303011253A	0.978060350982	0.0415380442804	4651.83358992	0.98067849692
CMTSOLUTION_201303011320A	0.97600260604	0.039002767138	3992.21007146	0.943177711463
CMTSOLUTION_201303102251A	0.811582074437	0.0350716943269	2298.12761903	0.951267152882
CMTSOLUTION_201303190329A	1.26599025732	0.109732040275	165.403239025	0.941129944894
CMTSOLUTION_201303202228A	0.972652229715	0.0231670920859	567.353985227	0.997042150683
CMTSOLUTION_201303240418A	0.828717459494	0.0220817349277	315.135423879	0.985434419851
CMTSOLUTION_201303252302A	0.821671519477	0.0589837109912	158.349509511	0.767237108677
CMTSOLUTION_201304011853A	1.70484561531	0.326292055835	688.058731531	0.881597401737
CMTSOLUTION_201304051300A	1.42470750583	0.034195697027	131.698245136	-0.715050216783
CMTSOLUTION_201304060442A	0.891218196763	0.0852420199596	2955.17543189	0.891878106093
CMTSOLUTION_201304061126A	1.14559315327	0.0781809806316	101.675322287	0.730486146946
CMTSOLUTION_201304091152A	1.5399710021	0.254865235177	2110.42565279	0.863928007639
CMTSOLUTION_201304140132A	0.892140108998	0.0821580967879	768.328895241	0.99810404301
CMTSOLUTION_201304161044A	0.684912738237	0.148682818269	22938.5140213	0.764587359657
CMTSOLUTION_201304162255A	0.884854996226	0.0576182183297	1097.97442727	0.974544495432
CMTSOLUTION_201304190305A	0.926586895127	0.0484006731281	2264.57116549	0.944739521746
CMTSOLUTION_201304191958A	1.12608380262	0.00975155819935	155.261288373	0.971257914911
CMTSOLUTION_201304200002A	0.837735186926	0.04166203987	4273.60105801	0.968909506978
CMTSOLUTION_201304201312A	0.811492022268	0.0561339324648	250.926737488	0.848647899802
CMTSOLUTION_201304210322A	2.42322272045	0.0981165609238	163.764181156	0.891189951373
CMTSOLUTION_201304220116A	0.950200761225	0.0465417361815	665.029223093	0.996921362259
CMTSOLUTION_201304232314A	1.19297024538	0.181645043379	671.313030764	0.97655565121
CMTSOLUTION_201304300625A	0.760525334705	0.0346552989816	554.23795869	0.986047760187
CMTSOLUTION_201305110208A	1.4022109546	0.0792174511076	1100.60526249	0.847334635328
CMTSOLUTION_201305140032A	0.85579516494	0.175835439336	353.233894178	0.790266654149
CMTSOLUTION_201305180548A	0.954893719694	0.0410992059648	48.5688779209	0.971049256019
CMTSOLUTION_201305190907A	0.862584898965	0.0479522341298	491.308640345	0.9750246202
CMTSOLUTION_201305200949A	0.9738507276	0.0525554229924	577.542187782	0.966471359072
CMTSOLUTION_201305210155A	1.10561387181	0.058541248918	434.098579573	0.958053284646
CMTSOLUTION_201305210543A	0.999172544667	0.172597426313	54.2706103955	0.936012440667
CMTSOLUTION_201305241456A	1.38745880927	0.10479552285	270.684341505	-0.947886854326
CMTSOLUTION_201305280009A	1.04706803194	0.0305017905683	154.214063937	0.973774655474
CMTSOLUTION_201306020543A	1.02107919721	0.146237354662	963.302538908	0.973038827373
CMTSOLUTION_201306050447A	1.05072437527	0.0264368627691	380.410278975	0.987289840478
CMTSOLUTION_201306061153A	0.898444424701	0.0679397963847	37.9760573995	0.675573380253
CMTSOLUTION_201306131647A	1.98152837744	0.0627778768479	782.864552403	0.956047670805
CMTSOLUTION_201306151611A	1.01513670545	0.031140188696	3171.65893403	0.834541637978
CMTSOLUTION_201306151734A	1.01268762356	0.0267364691751	66.7466646556	0.97754356379
CMTSOLUTION_201306162139A	1.0421953659	0.0202994962268	2359.66172978	0.842625759551
CMTSOLUTION_201306242204A	0.933371649045	0.016446056543	3974.96150201	0.987064281719
CMTSOLUTION_201307020737A	0.872927295644	0.088674954385	630.022844738	0.885969494684
CMTSOLUTION_201307041716A	0.858648842713	0.0263138638043	240.489759464	0.960971055189
CMTSOLUTION_201307060505A	0.53036108542	0.0804458426736	493.579446465	0.774355207641
CMTSOLUTION_201307071835A	1.26002752741	0.0832354278809	1011.1109687	0.941885579324
CMTSOLUTION_201307072030A	0.583669787354	0.0939355370918	6.5314594625	0.949456557789
CMTSOLUTION_201307081530A	1.20053086059	0.0967298206941	24.8467113918	0.886481897128
CMTSOLUTION_201307151403A	1.02285404995	0.166058899462	7166.74196761	0.903655928303
CMTSOLUTION_201307170237A	0.700917331679	0.0902549786308	399.22785896	0.961748556629
CMTSOLUTION_201307212345A	1.46871162281	0.0771732961842	820.123595721	0.602691700245
CMTSOLUTION_201307220701A	1.19601934577	0.0725942107322	2024.68631212	0.988367558034
CMTSOLUTION_201308070906A	1.2689406809	0.227102680404	162.660623768	0.76833476482
CMTSOLUTION_201308120053A	0.791723515669	0.0238762747864	67.716481648	0.748210550174
CMTSOLUTION_201308120949A	0.952169492351	0.0762471705501	116.696846806	0.960874681214
CMTSOLUTION_201308131543A	0.798630929128	0.0100993479699	1281.78690348	0.970290804673
CMTSOLUTION_201308171632A	0.984807805686	0.083643207452	564.151215617	0.954518596437
CMTSOLUTION_201308211238A	0.985423464545	0.0626017416562	385.987438367	0.872874125695
CMTSOLUTION_201308301625B	1.02398305845	0.0480271874635	6526.35923302	0.956609518082
CMTSOLUTION_201308310638A	0.907837458627	0.00882750117776	393.555608397	0.931074373733
CMTSOLUTION_201309011152A	0.751654858547	0.0438400006709	367.512690838	0.739248081108
CMTSOLUTION_201309032019A	1.16261060461	0.0704515318914	2497.25908699	0.940049067864
CMTSOLUTION_201309040018A	1.48590012516	0.0759446000383	274.762075165	-0.827242560753
CMTSOLUTION_201309040023A	0.981299354128	0.0301039201319	259.680481385	0.860695167306
CMTSOLUTION_201309040232A	0.988630598959	0.0324670117239	188.391558065	0.977689838372
CMTSOLUTION_201309040627A	1.01529418239	0.0898083166942	56.7492644389	0.967998923623
CMTSOLUTION_201309050401A	0.934197557563	0.0437016649399	1786.52110137	0.99058154336
CMTSOLUTION_201309061133A	0.876321145698	0.121925738162	74.6723639197	0.938488029633
CMTSOLUTION_201309070013A	1.02424495394	0.115466805101	1227.39619186	0.976519162063
CMTSOLUTION_201309111244A	0.936130830329	0.031633105274	112.682591412	0.946713240703
CMTSOLUTION_201309151621A	1.07245186428	0.0263514663805	428.494026127	0.983282996078
CMTSOLUTION_201309161501A	2.04963651786	0.179106013534	132.269166308	0.649739560573
CMTSOLUTION_201309170409A	0.850126183877	0.0660794892984	92.6154212489	0.987044405333
CMTSOLUTION_201309210139A	1.41188337843	0.00425135352937	27.6355992958	0.609782329482
CMTSOLUTION_201309241129A	2.38880887133	0.215829820697	198146.066341	0.8322141708
CMTSOLUTION_201309251642A	0.854324235471	0.0303515757213	3206.52638972	0.985142812085
CMTSOLUTION_201309260118A	0.82898627301	0.0534964753899	79.6834997407	0.878138290335
CMTSOLUTION_201309280734A	1.95502159845	0.242117263803	11082.4408194	0.695397662668
CMTSOLUTION_201309300816A	0.847784591392	0.0355723866901	8.56880290238	0.98200036575
CMTSOLUTION_201310010338A	3.37404757981	0.111147359598	1166.84132216	-0.850243848181
CMTSOLUTION_201310011941A	0.960949438064	0.0475374422066	520.587657283	0.988900475496
CMTSOLUTION_201310041726A	0.561310320274	0.0362417793002	686.229950152	0.960137471615
CMTSOLUTION_201310060137A	0.870672293056	0.00625185643366	105.596308667	0.964632132563
CMTSOLUTION_201310061638A	0.738652224361	0.0383841007319	62.9641254773	0.931549234828
CMTSOLUTION_201310062133A	0.737936010989	0.054092879117	110.047489633	0.968775989156
CMTSOLUTION_201310120210A	0.986573551474	0.091407383147	120.764129957	0.915901887543
CMTSOLUTION_201310121311A	1.095702011	0.1080754439	9980.48826688	0.87826074456
CMTSOLUTION_201310150012A	0.781887515552	0.0921474628772	4967.7025155	0.977481255285
CMTSOLUTION_201310161031A	0.884341959196	0.030150855828	1926.72692252	0.995145910036
CMTSOLUTION_201310191754A	0.903945866126	0.0286639256886	5397.37491397	0.955851016273
CMTSOLUTION_201310241925A	1.11737600034	0.0101059130736	41.0268149719	0.962492424661
CMTSOLUTION_201310251710A	1.06786940887	0.197134013924	25675.8596115	0.922552942349
CMTSOLUTION_201310300251A	0.72773107706	0.054112110064	1257.71521001	0.993406862012
CMTSOLUTION_201310311202A	1.51566631303	0.249436532885	990.125921597	0.972060852333
CMTSOLUTION_201310312303A	0.804030616206	0.0151873272271	1832.05971078	0.991350678558
CMTSOLUTION_201311031103A	4.62798765472	1.21885366106	31.0735484365	-0.693323534733
CMTSOLUTION_201311120703A	1.02189131276	0.0590504460273	1307.23266079	0.940211877753
CMTSOLUTION_201311132345A	1.1660128931	0.0593969869096	184.044542066	0.935697909464
CMTSOLUTION_201311160334A	1.22297964006	0.123882062301	1848.88712713	0.952088588879
CMTSOLUTION_201311170904A	1.16048249825	0.0176490095029	33719.543947	0.998060779019
CMTSOLUTION_201311191332A	0.556473020557	0.0339820757567	308.104190203	0.977480751611
CMTSOLUTION_201311220651A	1.1555155478	0.115002135463	173.826833516	0.879678732688
CMTSOLUTION_201311221830A	1.17369753774	0.132794874244	67.442744465	0.693999585181
CMTSOLUTION_201311241805A	1.51130231657	0.0333347689222	112.529098039	0.791630137256
CMTSOLUTION_201311250627B	0.757422853966	0.00252220488297	1573.17208011	0.948942498854
CMTSOLUTION_201312010124A	0.925295797115	0.200853611921	497.150603776	-0.667983714801
CMTSOLUTION_201312010629A	0.978560724447	0.097483536339	106.010611313	0.717783682417
CMTSOLUTION_201312172338A	1.46617695356	0.169645128452	403.71770989	0.714327745022
CMTSOLUTION_201312281521A	0.862825332817	0.0879082031292	1059.61261123	0.877354411045
CMTSOLUTION_201401130401A	0.900317469267	0.0251369906209	1419.02443445	0.934961591949
CMTSOLUTION_201401250514A	1.48505102344	0.0310351996967	156.884305629	0.905321032271
CMTSOLUTION_201401261355A	NOT FOUND	NOT FOUND	1971.33267748	0.343489145204
CMTSOLUTION_201401261845A	NOT FOUND	NOT FOUND	70.7428888685	0.549440563392
CMTSOLUTION_201401282222A	0.897795096282	0.0375029292458	140.404702225	0.995781313446
CMTSOLUTION_201402010358A	0.898519556786	0.0742624249498	66.7417817176	0.986774106571
CMTSOLUTION_201402030308A	NOT FOUND	NOT FOUND	3582.23312337	0.448972297884
CMTSOLUTION_201402101206A	0.631808071449	0.106759800396	20.6337467993	0.628421705698
CMTSOLUTION_201402120919A	NOT FOUND	NOT FOUND	17476.8252796	0.587101641461
CMTSOLUTION_201402180927A	0.865516721248	0.146654858712	449.392510072	0.917377673358
CMTSOLUTION_201402262113B	0.464713386541	0.0744333428298	97.9734088101	0.895449345349
CMTSOLUTION_201403020937A	0.961873786425	0.00884054209938	1040.45634449	0.961616743097
CMTSOLUTION_201403022011A	1.15333609897	0.0599402907061	552.355795303	0.708868903148
