event	E	sd	signal/noise	char_func_max
CMTSOLUTION_200801011855A	0.86718420912	0.0792828472057	320.906042097	0.966381487379
CMTSOLUTION_200801040729A	NOT FOUND	NOT FOUND	44.1707683117	0.47086016878
CMTSOLUTION_200801051101A	0.930597876209	0.0437434298204	1187.66781397	0.992457538229
CMTSOLUTION_200801051144A	0.934940651385	0.0408422956654	83.101026923	0.987134011819
CMTSOLUTION_200801060514A	0.773786909202	0.0952619844553	414.849585485	0.917914242785
CMTSOLUTION_200801090826A	1.01262350183	0.104542266147	1932.32534779	0.947219280361
CMTSOLUTION_200801091440A	0.956809446669	0.0510248269149	141.72125521	0.977223212215
CMTSOLUTION_200801100137A	1.14007538116	0.0831120708604	463.843735321	0.909757735672
CMTSOLUTION_200801202026A	1.21971891056	0.093133536119	70.0984815865	0.974372083285
CMTSOLUTION_200801221714A	1.14564538724	0.150362232098	78.6697086427	0.749485188006
CMTSOLUTION_200801300732A	0.828860395664	0.0267863667007	103.32328069	0.935598125556
CMTSOLUTION_200802041701A	1.03837757273	0.0357847137375	153.148382528	0.967098462495
CMTSOLUTION_200802080938A	1.02891967274	0.0438784581561	6657.38660499	0.995043278925
CMTSOLUTION_200802091833A	2.07114789036	0.305028964211	143.443298184	-0.891042358679
CMTSOLUTION_200802101222A	0.920124418388	0.0219682769091	514.445008807	0.985577188505
CMTSOLUTION_200802121250A	0.939424115969	0.0361982526115	626.410260389	0.975157248904
CMTSOLUTION_200802131958A	1.88623741557	0.0280357744101	215.205388493	-0.927954491552
CMTSOLUTION_200802141009A	1.00200258627	0.0793705289663	1535.93595472	0.684595039968
CMTSOLUTION_200802141208A	NOT FOUND	NOT FOUND	15.4956850898	0.351262086048
CMTSOLUTION_200802161445A	1.09637547171	0.0504047095458	222.328752647	0.993842662896
CMTSOLUTION_200802200808A	1.46477868186	0.0732251562963	3780.14319656	0.867233868417
CMTSOLUTION_200802201827A	0.715908003656	0.0522387942142	788.143474788	0.94078649684
CMTSOLUTION_200802210246A	0.954998744204	0.0917336098373	1601.54196926	0.954494783888
CMTSOLUTION_200802211416A	0.95695529769	0.0542625200503	100.16971599	0.978674278503
CMTSOLUTION_200802231557A	1.52067191176	0.186931954384	136.472010992	-0.810345603313
CMTSOLUTION_200802241446A	0.862788981621	0.0474069612988	86.3617647766	0.769870499853
CMTSOLUTION_200802250836A	0.841609889382	0.0158373850051	721.905515424	0.756460532263
CMTSOLUTION_200802251806A	0.849740417065	0.0288026269168	145.369456326	0.726139466024
CMTSOLUTION_200802252102A	0.894383609212	0.00942966324397	74.9339317921	0.687888713736
CMTSOLUTION_200802270654A	0.891030121514	0.0622475297759	85.0977372173	0.947878691185
CMTSOLUTION_200803030237A	NOT FOUND	NOT FOUND	34.9554642067	0.550673756618
CMTSOLUTION_200803030931A	1.11664974923	0.0340866117218	539.963816924	0.961417864692
CMTSOLUTION_200803031349A	NOT FOUND	NOT FOUND	270.388994745	-0.44123081746
CMTSOLUTION_200803031411A	NOT FOUND	NOT FOUND	314.753764346	-0.334604862474
CMTSOLUTION_200803131328A	0.876883681876	0.00907179048975	63.8742964945	0.914089719556
CMTSOLUTION_200803142232A	0.899608134387	0.0374109722567	53.4491304485	0.923277138096
CMTSOLUTION_200803151443A	0.69416496066	0.0354684650065	16.2682007451	0.811776460014
CMTSOLUTION_200803201410A	0.874582794385	0.0451885261265	71.0109319138	0.955663039982
CMTSOLUTION_200803202233A	NOT FOUND	NOT FOUND	8792.81952466	0.496684751348
CMTSOLUTION_200803222124A	0.700893431011	0.0623537136942	111.647765616	0.990561159853
CMTSOLUTION_200803242039A	1.09408436471	0.0375628209206	178.042091988	0.993619875847
CMTSOLUTION_200803291730A	1.18306953415	0.0386137482812	181.478127784	0.855221023829
CMTSOLUTION_200804140945A	0.955565443448	0.0916747932536	168.399272362	0.963900663889
CMTSOLUTION_200804150303A	0.871010805275	0.0929280419679	82.5375613375	0.897291184352
CMTSOLUTION_200804152259A	1.37936787419	0.107635401338	409.560403036	0.959630847203
CMTSOLUTION_200804160554A	0.962154206298	0.0671376159775	1732.60733963	0.971205624121
CMTSOLUTION_200804190312A	1.00182118243	0.0611625847617	107.776066483	0.983239557286
CMTSOLUTION_200804231828A	1.23030115308	0.0407080417852	134.096366338	0.981722703833
CMTSOLUTION_200804241214A	0.979855753226	0.0599084745154	371.856278077	0.975290645789
CMTSOLUTION_200804281557A	0.776532673973	0.00546013874015	27.3421978492	0.959961859656
CMTSOLUTION_200805020133A	0.906328077381	0.0585703822107	858.111997344	0.967957539742
CMTSOLUTION_200805071602A	1.20287761391	0.0847290492607	1422.92103554	0.926148531507
CMTSOLUTION_200805071616A	1.20654673245	0.0882350973788	1280.35688617	0.911979962399
CMTSOLUTION_200805071645A	1.23082971896	0.0585807081641	422.228394392	0.964405969256
CMTSOLUTION_200805092151A	0.894550266405	0.0325287002366	1348.39142951	0.963725995457
CMTSOLUTION_200805121111A	1.08467189726	0.139191430278	5.94204681151	0.84000069862
CMTSOLUTION_200805191426A	1.3238716408	0.104957710521	102.654758947	0.97830914437
CMTSOLUTION_200805201353A	0.968659402947	0.0703037809093	217.614898728	0.986776129155
CMTSOLUTION_200805231935A	1.00683233829	0.0398908400646	3391.62248844	0.985982629515
CMTSOLUTION_200805250821A	NOT FOUND	NOT FOUND	216.259749054	-0.381274003494
CMTSOLUTION_200805291546A	0.870701962501	0.0757150662116	2811.56583346	0.987419993954
CMTSOLUTION_200805310437A	1.86449398451	0.128969766864	190.423558787	0.889072053684
CMTSOLUTION_200806010157A	1.13351098274	0.0737317436928	135.960876933	0.824283349284
CMTSOLUTION_200806031620A	1.08616010456	0.131112867511	209.114147293	0.925840868987
CMTSOLUTION_200806032204A	1.24977345829	0.063881931781	38.8902120137	0.889155826113
CMTSOLUTION_200806050216A	0.97126815979	0.0480686849112	137.650265325	0.987271421339
CMTSOLUTION_200806061342A	1.11632865471	0.145724587894	35.3594248428	0.881796042512
CMTSOLUTION_200806081225A	NOT FOUND	NOT FOUND	464.099622159	0.437101649308
CMTSOLUTION_200806132343A	1.14150178393	0.0259202782454	2428.94873308	0.966586985068
CMTSOLUTION_200806150837A	1.21922489091	0.135965770302	76.6780307274	0.671278979843
CMTSOLUTION_200806222356A	NOT FOUND	NOT FOUND	33.7555920043	0.100312247501
CMTSOLUTION_200806271140A	0.972754945452	0.21855819382	651.197169799	0.796123409689
CMTSOLUTION_200806281254A	1.23712857898	0.0810663246462	174.111527175	0.96473913512
CMTSOLUTION_200806292053A	1.05071264375	0.138962772323	11.9803714182	0.911781826577
CMTSOLUTION_200806300617A	0.924076612228	0.00702013347117	1170.74818298	0.908936136513
CMTSOLUTION_200807050212A	2.78507453165	0.207949794778	12707.7818018	-0.823142961854
CMTSOLUTION_200807080742A	0.81449310738	0.0225506480063	62.9896615389	-0.996807706906
CMTSOLUTION_200807080913A	0.946684116852	0.0275398338475	12.943331348	0.991942560373
CMTSOLUTION_200807131458A	1.11704927378	0.0757558233193	416.320996399	0.986110178172
CMTSOLUTION_200807150326A	0.937856545973	0.133448325309	1318.08603811	0.913730509497
CMTSOLUTION_200807190239A	1.07262682674	0.115293142859	3162.74050227	0.87486776537
CMTSOLUTION_200807190927A	1.39751356761	0.0391294117951	403.763049925	0.973492203542
CMTSOLUTION_200807191101A	1.39468114375	0.0381989423313	7.67155154102	0.984397512497
CMTSOLUTION_200807231526A	1.00194441299	0.123639934326	768.760014372	0.956579064631
CMTSOLUTION_200807240143A	0.957626178235	0.00299148993885	232.195895176	0.92133521026
CMTSOLUTION_200807282140A	0.85934229184	0.0853122265752	169.259141219	0.9547615294
CMTSOLUTION_200808042045A	DiffNPTS	DiffNPTS	DiffDelta	DiffNPTS
CMTSOLUTION_200808050949A	1.44276631352	0.161219810473	104.153465965	0.940545973307
CMTSOLUTION_200808100820A	0.877673325556	0.202916465079	198.326835859	0.668909664154
CMTSOLUTION_200808112338A	1.02248529731	0.0671220875489	271.024313803	0.984426343089
CMTSOLUTION_200808151025A	1.27135920752	0.0346750990594	107.333417832	0.910455643342
CMTSOLUTION_200808211224A	0.943623250012	0.102174998484	307.570009625	0.970243599095
CMTSOLUTION_200808220747A	1.20419045782	0.0508053702669	147.949039152	0.928281641902
CMTSOLUTION_200808251322A	0.894667223883	0.171307968755	1233.46866693	0.87489133481
CMTSOLUTION_200808262100A	0.820665956551	0.0241442780885	188.489853271	0.964565775848
CMTSOLUTION_200808270135A	1.12001113905	0.10479711727	349.755050451	0.851016049345
CMTSOLUTION_200808281522A	0.92428290448	0.0546371493635	651.473588676	0.99290201645
CMTSOLUTION_200808300654A	1.14746125984	0.0280371646972	719.544108651	0.968710494674
CMTSOLUTION_200809031125A	0.998117977732	0.0362391065672	47.8566304911	-0.84820111318
CMTSOLUTION_200809101100A	0.941771444795	0.0597397721052	4021.82694059	-0.982868930539
CMTSOLUTION_200809101308A	1.04908674001	0.0568172435121	869.86163456	0.990137566571
CMTSOLUTION_200809110000A	1.89628161576	0.0961086581098	5552.13413992	0.607317178237
CMTSOLUTION_200809110020A	1.18827975987	0.161375259573	4545.29982733	0.870374034381
CMTSOLUTION_200809180141A	1.20640603614	0.0232145784361	69.1299959444	0.977696347932
CMTSOLUTION_200809240233A	0.810650344136	0.0750903190741	268.458308873	0.88754138788
CMTSOLUTION_200809250147A	1.22511259636	0.174957861909	113.1987949	0.639472854581
CMTSOLUTION_200810051552A	0.715002796528	0.0247750642293	2170.48725345	0.949166568786
CMTSOLUTION_200810060830A	1.12463476122	0.0885806485795	743.764700642	0.958404297921
CMTSOLUTION_200810110906A	0.795697669084	0.159462986479	257.785908477	0.943156660546
CMTSOLUTION_200810111040A	4.30939044691	0.079465926908	106.232392512	-0.855138798253
CMTSOLUTION_200810122055A	3.09774673002	0.27724253886	59.7471791107	0.656199942027
CMTSOLUTION_200810140206A	NOT FOUND	NOT FOUND	11.8197265071	-0.447719640413
CMTSOLUTION_200810161941A	1.17989268907	0.0896359339671	683.568516511	-0.906797090971
CMTSOLUTION_200810231004A	1.29299772024	0.131501211098	162.092381824	0.910480338925
CMTSOLUTION_200810281600A	1.19875254024	0.085335090987	176.785516012	0.974604620246
CMTSOLUTION_200810282309A	0.982740724161	0.0381509074519	619.863161256	0.831661343089
CMTSOLUTION_200810291132A	0.972726667278	0.0448800183621	597.457180052	0.922821287823
CMTSOLUTION_200810301515A	0.708055796811	0.010861857023	63.6581589604	0.947130577346
CMTSOLUTION_200811010113A	0.840231165049	0.077785815116	103.193631639	0.935935814222
CMTSOLUTION_200811021348A	0.956327165393	0.0567928144018	172.604047491	0.983891698038
CMTSOLUTION_200811071604A	1.61633655869	0.579684687705	89.0058707042	0.67081701471
CMTSOLUTION_200811100122A	NOT FOUND	NOT FOUND	483.725974071	0.166251554364
CMTSOLUTION_200811161702A	6.04329996034	0.894269749361	8399.29116064	-0.633822666003
CMTSOLUTION_200811190611A	0.983434679183	0.0614925534966	278.339488665	0.983002665992
CMTSOLUTION_200811210705A	1.19667257658	0.122755522522	55.2052157399	0.871036813985
CMTSOLUTION_200811221600A	0.410013142399	0.0162791962299	627.949919205	0.977373534866
CMTSOLUTION_200811221849A	1.17782568575	0.0634817818793	100.539193944	0.994432490381
CMTSOLUTION_200811240902A	0.538923496611	0.0292941603467	1866.04330008	0.7264879085
CMTSOLUTION_200812061055A	1.41501268601	0.136927299763	70.8725853354	-0.916061485319
CMTSOLUTION_200812081839A	NOT FOUND	NOT FOUND	246.962099071	0.389863439621
CMTSOLUTION_200812130827A	NOT FOUND	NOT FOUND	19.7042968256	0.363934644791
CMTSOLUTION_200812172157A	NOT FOUND	NOT FOUND	63.2550371076	-0.367376834004
CMTSOLUTION_200812182119A	1.05623833976	0.00701694037206	160.111463022	0.992561020602
CMTSOLUTION_200812190831A	0.9609529361	0.0706210094082	508.661958435	0.978734991043
CMTSOLUTION_200812201029A	1.41170710589	0.322412214684	187.459702828	0.82004028235
CMTSOLUTION_200812250320A	0.974330543339	0.0720338307538	131.872468814	0.973252054599
CMTSOLUTION_200812282259A	0.989790101139	0.0370755626017	22.5284102141	0.964465362637
CMTSOLUTION_200901031943A	0.983278482947	0.0621077139392	3965.15528538	0.92259670095
CMTSOLUTION_200901032233A	0.851475549669	0.176608200667	38.3420980539	0.961748141066
CMTSOLUTION_200901062248A	NOT FOUND	NOT FOUND	8.79998621578	0.295346622015
CMTSOLUTION_200901081921A	0.963008307182	0.0401859840769	234.099348314	0.983437436114
CMTSOLUTION_200901130104A	1.4839439029	0.168761172085	95.9249427137	0.953331632411
CMTSOLUTION_200901151749A	1.06278550334	0.390998949794	2810.62429372	0.664021608855
CMTSOLUTION_200901221340A	0.988423323224	0.130074460859	98.4909201467	0.920589392265
CMTSOLUTION_200901222016A	1.44984924107	0.053652087429	52.4916172674	0.946931444828
CMTSOLUTION_200902111734A	1.42898994954	0.184758724429	2511.74530312	0.821651132793
CMTSOLUTION_200902111825A	1.44874702286	0.159523425626	45.5140842085	0.86438722718
CMTSOLUTION_200902120349A	1.08307836402	0.117822426935	91.3309087451	0.992451339481
CMTSOLUTION_200902120830A	1.27871730027	0.075671173244	35.3626195373	0.875090823323
CMTSOLUTION_200902121315A	1.25059079127	0.076999829747	133.441294947	0.951532433022
CMTSOLUTION_200902151004A	1.12777042899	0.0448903849542	79.9767344182	0.990593317489
CMTSOLUTION_200902162316A	1.19559746622	0.0588075860675	147.583994428	0.965031258517
CMTSOLUTION_200902170528A	0.690925084759	0.0396486241208	6.70630802952	-0.919287725042
CMTSOLUTION_200902221745A	1.69175389501	0.339480334537	60.8752594121	0.769177816299
CMTSOLUTION_200902281433A	0.959324114878	0.0628960914946	96.5527198449	0.613611321136
CMTSOLUTION_200903061050A	0.860175341472	0.0533650892178	1324.74900295	0.989702774024
CMTSOLUTION_200903122323A	0.960345502709	0.0552543946339	549.506952658	0.978768205399
CMTSOLUTION_200903161415A	1.41041631849	0.0990584699352	221.506832453	0.943071930789
CMTSOLUTION_200904010355A	1.1435546326	0.041263706046	794.703312125	0.946460714677
CMTSOLUTION_200904040531A	1.17347250236	0.0585301364574	186.792054682	0.960295033439
CMTSOLUTION_200904070423A	0.741951651182	0.107884456282	1918.37988579	0.914833605099
CMTSOLUTION_200904152001A	0.712126380042	0.0278829136276	34.938531263	0.65365298494
CMTSOLUTION_200904161457A	0.955584225018	0.0767749902941	225.599271269	0.96821240628
CMTSOLUTION_200904170208A	1.45632782501	0.0900412479907	59.0901423281	0.963418493394
CMTSOLUTION_200904181917A	0.799308213237	0.0909171970602	616.174193472	0.955654180768
CMTSOLUTION_200904190523A	1.40123463869	0.166519045005	46.8301534404	0.803503582456
CMTSOLUTION_200904210526A	0.856580501769	0.0877614643584	107.470457584	0.967409818559
CMTSOLUTION_200904251718A	1.01477943649	0.0604675521953	49.5907354336	0.872345086356
CMTSOLUTION_200904281954A	1.612007056	0.185883150738	24.6946749246	0.933479977286
CMTSOLUTION_200905031621A	0.835115316635	0.0405149614775	204.986681779	0.984453291233
CMTSOLUTION_200905100116A	0.99202327918	0.0490137658768	281.65834838	0.986054891612
CMTSOLUTION_200905120126A	0.970208981508	0.0374559457103	243.950382467	0.964213539052
CMTSOLUTION_200905191735A	1.03198483477	0.0687241691763	63.5475102978	0.945233689411
CMTSOLUTION_200905241617A	NOT FOUND	NOT FOUND	33.2530680652	0.460389388255
CMTSOLUTION_200905280824A	0.850502706717	0.0934258390876	1442.01932776	0.917137618606
CMTSOLUTION_200906041725A	0.898105031503	0.0148791958026	196.859962363	0.942269775482
CMTSOLUTION_200906050330A	0.956786075145	0.17716657346	1022.26172691	0.803221193535
CMTSOLUTION_200906062033A	1.00605626158	0.0375252717812	30.5778134049	0.989797638838
CMTSOLUTION_200906140558A	1.13204587252	0.0430087920504	310.907373797	0.922708489383
CMTSOLUTION_200906162005A	1.05393076731	0.0658266443445	249.057609241	0.984766956546
CMTSOLUTION_200906191405A	1.00711897371	0.151062500873	180.450549297	0.891382796481
CMTSOLUTION_200906200828A	2.06726702692	0.222520106331	9.73079402779	0.723602040073
CMTSOLUTION_200906231419A	1.17000301984	0.0839008082503	188.844613666	0.973507406867
CMTSOLUTION_200907010930A	0.941697746418	0.0420435421896	915.54882599	0.944650374536
CMTSOLUTION_200907040649A	0.958817383847	0.0319475531405	131.354247668	0.979323218316
CMTSOLUTION_200907061453A	2.1290487312	0.0909871004981	25.423008973	-0.910612370921
CMTSOLUTION_200907071911A	0.902393676868	0.0538695121203	328.167867407	0.983923246514
CMTSOLUTION_200907081923A	1.0350510638	0.0399362441801	100.869928275	0.960069683831
CMTSOLUTION_200907120612A	NOT FOUND	NOT FOUND	24.4094242528	-0.583037491061
CMTSOLUTION_200907131805A	1.08670744177	0.0136547129743	324.048760203	0.978029839079
CMTSOLUTION_200907300737A	1.35348803254	0.101590822743	8.93352985436	0.862722583137
CMTSOLUTION_200908020854A	0.837657439047	0.0787219286056	40.2003750454	0.982268443831
CMTSOLUTION_200908031800A	1.09312619911	0.0320772692159	844.668326839	0.811944636424
CMTSOLUTION_200908031840A	1.09481497344	0.0316963753089	403.866677148	0.737451711312
CMTSOLUTION_200908050018A	2.47498949005	0.188500744704	100.369066264	-0.935159117746
CMTSOLUTION_200908091055A	1.15065977836	0.117448975846	803.710428076	0.907554153424
CMTSOLUTION_200908100406A	1.23272151662	0.155874994945	103.903397702	0.907732113976
CMTSOLUTION_200908101955A	0.748340868816	0.02694960289	5444.28145548	0.967601751513
CMTSOLUTION_200908122248A	0.955193137103	0.0737570731181	1563.79424409	0.974824949238
CMTSOLUTION_200908160738A	DiffNPTS	DiffNPTS	DiffDelta	DiffNPTS
CMTSOLUTION_200908170005A	0.879145193472	0.0869917436039	15987.3621023	-0.771149579424
CMTSOLUTION_200908171011A	1.02176339468	0.0882978125171	180.526431854	0.845819371004
CMTSOLUTION_200908200635A	0.935859669321	0.0447919007224	653.720974588	0.983924399193
CMTSOLUTION_200908280151A	NOT FOUND	NOT FOUND	668.223054261	0.199158572302
CMTSOLUTION_200908280152A	NOT FOUND	NOT FOUND	628.326266428	-0.298152245963
CMTSOLUTION_200909020755A	2.32315615327	0.0256367532456	2022.25243504	-0.875699287553
CMTSOLUTION_200909031326A	1.19186460757	0.0104911120155	66.8004914035	0.977396176562
CMTSOLUTION_200909062149A	1.22671200739	0.0700469114909	220.97390988	0.975452671959
CMTSOLUTION_200909071612A	1.97423989434	0.0490790660085	72.6908179539	0.749088337217
CMTSOLUTION_200909072241A	NOT FOUND	NOT FOUND	107.049743165	0.223350220795
CMTSOLUTION_200909122006A	1.02288988737	0.0488668862641	595.569497242	0.99646552505
CMTSOLUTION_200909172321A	0.831312976892	0.0579846411365	211.671327977	0.974618604174
CMTSOLUTION_200909210853A	1.26319664839	0.035973152522	133.979310451	0.963268162471
CMTSOLUTION_200909240716A	1.09151114979	0.061141012053	287.11521556	0.901203143342
CMTSOLUTION_200909301016A	0.962838963797	0.0221617617949	9620.24972057	0.995062244079
CMTSOLUTION_200910010152A	1.42406433095	0.196509414731	1033.47777333	0.792640632881
CMTSOLUTION_200910041058A	0.594840941883	0.159407780913	103.899434182	-0.782999364311
CMTSOLUTION_200911280604A	1.07879726523	0.122344207461	102.774149807	0.902328749927
CMTSOLUTION_200911281810A	0.952164501358	0.0121078130336	61.2694580317	0.974763643138
CMTSOLUTION_200912091600A	0.906570567398	0.0762125636494	710.509781952	0.980669999296
CMTSOLUTION_200912100230A	2.40503035392	0.0937061979783	112.615568846	-0.920254650909
CMTSOLUTION_200912170137A	NOT FOUND	NOT FOUND	742.502218225	0.180702439024
CMTSOLUTION_200912171455A	NOT FOUND	NOT FOUND	97.0944269104	0.171992490041
CMTSOLUTION_200912191302A	2.22751651654	0.125081582781	403.277547471	-0.756855606309
CMTSOLUTION_200912192319A	1.01243225413	0.119183703044	119.804517617	0.951731594617
CMTSOLUTION_200912240023A	1.82118282729	0.132547454684	79.8796885052	-0.79887512277
CMTSOLUTION_200912260857A	1.02722106058	0.0315777116178	109.67715231	0.978644154343
CMTSOLUTION_201001020845A	0.948039774232	0.0482992307612	83.130458713	0.914638260664
CMTSOLUTION_201001032148A	0.80094796258	0.119700755764	962.957725225	0.860932306353
CMTSOLUTION_201001032236A	0.801547734193	0.128032133408	1238.28976525	0.762838956567
CMTSOLUTION_201001050455A	0.766586148073	0.0997699897502	927.979876598	0.937231467969
CMTSOLUTION_201001051215A	1.02836575582	0.197272753606	606.086988974	0.870013435007
CMTSOLUTION_201001051311A	0.973662778477	0.183784091853	123.466787422	0.861929908624
CMTSOLUTION_201001090551A	NOT FOUND	NOT FOUND	21.3461720934	-0.0728127434841
CMTSOLUTION_201001171200A	0.978326310715	0.0563143121375	80.9695212586	0.984232896721
CMTSOLUTION_201001181556A	0.943173431609	0.0373903822876	106.647282257	-0.95910093203
CMTSOLUTION_201001220046A	1.46714229923	0.0672626794782	48.8329164688	0.756342812566
CMTSOLUTION_201002012228A	0.895613350615	0.00576919597547	86.5710696715	0.941264104039
CMTSOLUTION_201002050659A	1.06634040573	0.118915405186	104.127354745	0.719674336688
CMTSOLUTION_201002060444A	0.927336720377	0.0177925341814	134.387605227	0.990121041375
CMTSOLUTION_201002070610A	1.26689579336	0.102363157275	194.011650226	0.845355465709
CMTSOLUTION_201002112156A	NOT FOUND	NOT FOUND	145.360797432	-0.108690173592
CMTSOLUTION_201002152151A	1.50530208857	0.0169954184977	121.411189927	0.970827645846
CMTSOLUTION_201002180113A	NOT FOUND	NOT FOUND	531.817801145	-0.446335516454
CMTSOLUTION_201002231025A	NOT FOUND	NOT FOUND	21.5783074025	-0.241710589456
CMTSOLUTION_201002262031A	1.03873200923	0.0701137184902	6533.92653655	0.990609930475
CMTSOLUTION_201002271545A	1.51969465993	0.321741005844	4.94515150399	0.602257606267
CMTSOLUTION_201002271900A	0.955093087555	0.011157939312	11.7504528082	0.97693993392
CMTSOLUTION_201002281125A	0.982487614344	0.0743117346112	111.638956508	0.94115030752
CMTSOLUTION_201003031744A	0.808535088587	0.0752681831425	29.3951787893	0.940164390663
CMTSOLUTION_201003040018A	1.74755988513	0.162679061835	155.438575821	0.952529499286
CMTSOLUTION_201003040159A	1.10238266312	0.0506543822603	11.0804814981	0.982696313572
CMTSOLUTION_201003042239A	1.04807255202	0.0530715872076	292.668642904	0.985181101831
CMTSOLUTION_201003050919A	0.862889480918	0.0778106583549	34.8878903414	0.931790864015
CMTSOLUTION_201003051147A	0.75373031032	0.0679622314922	162.520214586	0.948939047385
CMTSOLUTION_201003051606A	1.2024745156	0.0787987316706	141.630804127	0.855778992772
CMTSOLUTION_201003070705A	0.853325195786	0.110235421919	77.2761751282	0.931543171949
CMTSOLUTION_201003080232A	1.55433765451	0.0584182232226	475.057628456	0.977239178757
CMTSOLUTION_201003080747A	1.48787147803	0.00759971797332	80.9431212848	0.984244190046
CMTSOLUTION_201003080947A	NOT FOUND	NOT FOUND	15.1743547124	-0.547880205091
CMTSOLUTION_201003081112A	NOT FOUND	NOT FOUND	22.2427860201	-0.310990731476
CMTSOLUTION_201003111439A	0.953181161006	0.01993163154	3206.40341568	0.907309306143
CMTSOLUTION_201003111455A	0.949598695637	0.0185481564376	3749.0860472	0.925003456776
CMTSOLUTION_201003140057A	0.714300028561	0.10157735529	178.548971569	0.892486645555
CMTSOLUTION_201003140808A	0.985742150937	0.128115160472	716.181489123	0.963165542704
CMTSOLUTION_201003151108A	1.18357936775	0.0266105691869	38.0017956373	0.911448622615
CMTSOLUTION_201003160221A	0.959994252108	0.0495378946633	388.606783067	0.937514304937
CMTSOLUTION_201003201400A	3.16867490639	0.327863322636	206.319448159	0.929444017403
CMTSOLUTION_201003241411A	1.4267753418	0.114510515227	16.0191969307	0.937802521924
CMTSOLUTION_201003250529A	1.14650556686	0.0335152783009	52.5353371333	0.887648490306
CMTSOLUTION_201003261452A	1.14315116643	0.0148295539034	44.7676569925	0.940457973633
CMTSOLUTION_201003282138A	1.43147340393	0.0918535084436	11.6986661813	0.925609935057
CMTSOLUTION_201003301654A	0.838396141645	0.0190180926387	376.38985999	0.982369007005
CMTSOLUTION_201004022258A	1.00204658451	0.0635159036728	49.6623100999	0.961659466909
CMTSOLUTION_201004042240A	0.840188513845	0.0227922472413	924.884854509	0.93573411183
CMTSOLUTION_201004051005A	1.17616069391	0.0424430455202	112.479997989	0.932213630723
CMTSOLUTION_201004062215A	1.36559913871	0.0659870256546	7873.17008456	0.963361332384
CMTSOLUTION_201004071433A	NOT FOUND	NOT FOUND	31.5846632276	-0.298514679535
CMTSOLUTION_201004110940A	1.22960574732	0.100155696568	356.871154627	-0.877264852799
CMTSOLUTION_201004112208A	NOT FOUND	NOT FOUND	137.710437526	-0.145555270883
CMTSOLUTION_201004132349A	2.37736799751	0.202509421231	2749.26325698	0.912713729163
CMTSOLUTION_201004140125A	3.06259284089	0.270204458125	5.48611385728	0.847861283222
CMTSOLUTION_201004172315A	0.990810728476	0.0428580843587	352.755628219	0.989780933367
CMTSOLUTION_201004231003A	0.918454773976	0.0593845653456	105.605591424	0.963194070634
CMTSOLUTION_201004240741A	0.924625483882	0.0349885458101	63.4111259572	0.840999277379
CMTSOLUTION_201004260259A	1.67607309158	0.177288988712	477.581057937	0.841007059221
CMTSOLUTION_201004302311A	0.905977310718	0.0635565300744	3281.06231443	0.988526471598
CMTSOLUTION_201004302316A	0.906775646493	0.0626213191123	2951.3778676	0.987758633182
CMTSOLUTION_201005031027A	0.967727178108	0.0721214452517	164.074192793	0.993760860483
CMTSOLUTION_201005032309A	1.21941802221	0.0658722211322	89.6911775633	0.974906744108
CMTSOLUTION_201005051629A	1.40217125903	0.144032151428	109.83894763	0.896814093442
CMTSOLUTION_201005060242A	1.56718020454	0.096491185685	124.343634561	-0.933341030589
CMTSOLUTION_201005090559A	1.65417574913	0.226263304406	4044.60163004	0.894198641585
CMTSOLUTION_201005141229A	1.00368266068	0.0351057419739	29.2224197977	0.973548241442
CMTSOLUTION_201005160652A	1.73203088128	0.173134052342	8.38270966068	0.949557267436
CMTSOLUTION_201005190415A	1.06416633388	0.0538637210491	69.1443572967	0.965847988479
CMTSOLUTION_201005232246A	0.976561061827	0.0350759320041	277.707706872	0.997951190379
CMTSOLUTION_201005241618A	NOT FOUND	NOT FOUND	213.606302998	0.463356737677
CMTSOLUTION_201005251009A	0.950752210642	0.0468342803278	980.400587777	0.996108198845
CMTSOLUTION_201005260853A	1.12031799028	0.101653135267	1354.99704488	0.979898322649
CMTSOLUTION_201005311951A	0.892878099024	0.0431380533195	501.955892823	0.940544289729
CMTSOLUTION_201006010326A	0.900255884331	0.0562857409094	113.114084338	0.986468577086
CMTSOLUTION_201006121926A	1.31495696543	0.0851044721334	17578.8553183	0.945056762277
CMTSOLUTION_201006160306A	0.969545256403	0.043573319769	2020.0779906	0.986903601781
CMTSOLUTION_201006160316A	0.970674715122	0.043822370698	1802.89820842	0.98710658546
CMTSOLUTION_201006160358A	0.970232161739	0.0449703490313	584.177781943	0.984865513244
CMTSOLUTION_201006180223A	1.22102916477	0.0422195896443	174.506518056	-0.836578085993
CMTSOLUTION_201006240532A	0.991707451666	0.0913364014716	65.6113628684	0.971343817034
CMTSOLUTION_201006260530A	1.19657936474	0.0164514796392	1267.9382794	0.989441118799
CMTSOLUTION_201006300722A	0.971097530143	0.0583129677178	73.7859920312	0.970703900848
CMTSOLUTION_201007042155A	0.852660319057	0.103052087106	83.7454074341	0.949783418939
CMTSOLUTION_201007101143A	1.0174360017	0.135896816962	421.132526955	0.96595878498
CMTSOLUTION_201007120011A	1.05083779809	0.0591765934249	713.930420875	0.987619529594
CMTSOLUTION_201007140832A	1.00075933608	0.0398695136425	280.403099217	0.97002429923
CMTSOLUTION_201007161853A	NOT FOUND	NOT FOUND	12.0802835713	0.269636248901
CMTSOLUTION_201007180556A	1.28372174366	0.331415946154	504.979018772	0.947048485262
CMTSOLUTION_201007181304A	1.04782583648	0.0790897085024	4539.60174673	0.969044267307
CMTSOLUTION_201007181335A	1.04889411587	0.0778229612809	4894.25164577	0.966363587839
CMTSOLUTION_201007181948A	0.920088852522	0.0344210727093	17.2133722791	0.979369363524
CMTSOLUTION_201007201918A	0.990307335566	0.0731863938358	343.071425542	0.877912319772
CMTSOLUTION_201007210916A	1.08532072622	0.0190509405632	102.752227398	0.979913388299
CMTSOLUTION_201007232208A	1.79189079497	0.0982431388237	2362.0856854	-0.802119078366
CMTSOLUTION_201007232251A	1.77287289785	0.0767961993142	115.934944152	-0.865385033669
CMTSOLUTION_201007232315A	1.75904411897	0.0713883184725	19.8269889069	-0.803288543335
CMTSOLUTION_201007240535A	NOT FOUND	NOT FOUND	9.29300616886	-0.452763644139
CMTSOLUTION_201007290731A	0.510428460132	0.152121095254	106.072601044	-0.739806608667
CMTSOLUTION_201007300356A	1.01321237251	0.0458210140104	308.948810342	0.981933681495
CMTSOLUTION_201008031208A	1.31767284373	0.0240918546064	217.598819611	-0.886947328328
CMTSOLUTION_201008040715A	1.35283554547	0.164374248591	166.48684092	0.924454394476
CMTSOLUTION_201008041258A	0.890666606487	0.0467462680273	453.201360677	0.99040139601
CMTSOLUTION_201008042201A	1.04694096861	0.113766115367	2151.63812677	0.797339872091
CMTSOLUTION_201008121154A	0.999284205865	0.0366285411576	2576.86597714	0.996152921695
CMTSOLUTION_201008132119A	0.983769595701	0.0683796815426	2597.70481111	0.933268442924
CMTSOLUTION_201008140730A	0.925001672973	0.0452542980876	378.132329598	0.957138645354
CMTSOLUTION_201008142301A	0.902094437154	0.0633751526	368.783495889	0.941140271931
CMTSOLUTION_201008151509A	1.16548128444	0.127962588898	78.3103735773	0.954696650139
CMTSOLUTION_201008160330A	1.18560657109	0.0406891800653	187.074745197	0.937014498152
CMTSOLUTION_201008181628A	0.910818692729	0.0370793043314	257.46607713	0.956195644416
CMTSOLUTION_201008201756A	NOT FOUND	NOT FOUND	29.4487918202	0.349938456268
CMTSOLUTION_201008221023A	NOT FOUND	NOT FOUND	30.7972190606	-0.115483582813
CMTSOLUTION_201008240212A	1.07228200238	0.0436904515917	66.3920518042	0.979705519515
CMTSOLUTION_201009031116A	0.884241748193	0.0556741488885	720.587346097	0.984586494948
CMTSOLUTION_201009090728A	0.954935263154	0.0488638777822	45.8145443876	0.909787255171
CMTSOLUTION_201009171921A	1.22001553569	0.0439702518291	50.9157961388	0.953173760897
CMTSOLUTION_201009261212A	1.41764694939	0.0777260003633	31.7125617655	-0.877537164711
CMTSOLUTION_201009270008A	0.928893672015	0.0638395749835	122.909244384	0.975553441356
CMTSOLUTION_201009291711A	0.865958307226	0.0734378807699	1503.54421356	0.920131598219
CMTSOLUTION_201010031521A	NOT FOUND	NOT FOUND	18.8071380885	0.592540022276
CMTSOLUTION_201010041328A	1.22513059751	0.124866713218	56.2196777555	0.927402548586
CMTSOLUTION_201010080326A	0.942056753111	0.0523192028757	1016.78460614	0.986727453151
CMTSOLUTION_201010080349A	0.943016039006	0.0555941577793	1031.151688	0.991210010616
CMTSOLUTION_201010080543A	1.0904278879	0.0387356780907	16.621903602	0.970829327455
CMTSOLUTION_201010211753A	1.67794189526	0.41238168279	935.780248751	0.816333518002
CMTSOLUTION_201010251442A	0.872649980839	0.0568885128963	915.166532424	0.804534742581
CMTSOLUTION_201010251937A	1.9211328649	0.321561756514	9.476697929	-0.707875219123
CMTSOLUTION_201011030056A	0.788042183904	0.18161583988	39.8969823737	0.617231242492
CMTSOLUTION_201011030251A	0.92751119708	0.0448928028634	77.8574809938	0.966675449354
CMTSOLUTION_201011031118A	0.724291314745	0.071706758934	47.6317325411	0.953130786929
CMTSOLUTION_201011031813A	1.31661419025	0.144861850283	24.8668198209	0.689071733213
CMTSOLUTION_201011100405A	1.47073119759	0.0965303869617	186.376045542	0.941036734586
CMTSOLUTION_201011230901A	1.04595843799	0.202101287004	101.778034583	0.891049304797
CMTSOLUTION_201011300324A	0.974814221638	0.168806175597	192.078403784	0.611049514537
CMTSOLUTION_201012020312A	1.11177841645	0.0320315254745	855.854067394	0.987653879111
CMTSOLUTION_201012080524A	1.09206505733	0.0860492873568	140.154371996	0.985618886746
CMTSOLUTION_201012130114A	1.07412514882	0.096802641684	85.5251563255	0.975425866036
CMTSOLUTION_201012151129A	1.40165043938	0.0331951148935	32.769386522	0.9133753823
CMTSOLUTION_201012201841A	1.57956672418	0.308768281051	711.112277863	0.814587907806
CMTSOLUTION_201012211719A	1.07564564787	0.054752864001	4705.29790583	0.94799067809
CMTSOLUTION_201012222149A	NOT FOUND	NOT FOUND	42.4809514618	0.568614960948
CMTSOLUTION_201012231400A	1.9622151343	0.0590718772271	288.041316258	-0.686789115139
CMTSOLUTION_201101010956A	0.892042881675	0.0416182393364	1168.76063769	-0.859885236965
CMTSOLUTION_201101022020A	0.964940878542	0.03354816747	1109.13797439	0.986591204215
CMTSOLUTION_201101122132A	1.34653340516	0.0652421581845	82.1193147465	-0.948719240521
CMTSOLUTION_201101171920A	1.15529561987	0.0170339064866	36.5389692713	0.735869139317
CMTSOLUTION_201101182023A	0.881647718433	0.0113950362156	51004.4806915	0.99064433787
CMTSOLUTION_201101190917A	0.909837728529	0.221397709158	7.12977169844	-0.663356948733
CMTSOLUTION_201101240245A	1.05343268576	0.079735425709	98.8974129282	0.991318963755
CMTSOLUTION_201101261542A	1.39918954476	0.0540549288171	73.7993311588	0.833361392234
CMTSOLUTION_201101270838A	1.9054664242	0.433870069897	838.762128332	0.74638857907
CMTSOLUTION_201101290655A	0.882616607523	0.047249403559	1441.70155806	0.981095618921
CMTSOLUTION_201102041353A	0.981159981474	0.0548332038536	574.400700795	0.98779045285
CMTSOLUTION_201102071953A	0.890150157665	0.0438354427909	56.4506686351	0.979392345876
CMTSOLUTION_201102101439A	1.06206639192	0.0337419452958	293.158775414	-0.832345727691
CMTSOLUTION_201102101441A	1.07262819601	0.0330923646026	365.171187405	-0.797604820861
CMTSOLUTION_201102112005A	0.869451798878	0.0683174241997	872.048350395	0.954247825683
CMTSOLUTION_201102112339A	0.908186936544	0.0501761249445	6.13745520372	0.979117246352
CMTSOLUTION_201102120117A	1.03933159416	0.0450772948139	28.5382666053	0.996334264734
CMTSOLUTION_201102140340A	NOT FOUND	NOT FOUND	35.1448995552	0.591496946592
CMTSOLUTION_201102151333A	NOT FOUND	NOT FOUND	168.182730182	0.235172257677
CMTSOLUTION_201102202143A	0.882966264574	0.0544668229792	252.125022803	0.993030522919
CMTSOLUTION_201102251307A	0.879042741203	0.0815714445584	80.8874033529	0.980649370481
CMTSOLUTION_201103010053A	0.827131027501	0.0688159105765	37.7439443626	0.96215502495
CMTSOLUTION_201103061231A	1.11037394376	0.0187945838467	100.015384463	0.809299344641
CMTSOLUTION_201103061432A	0.973294066099	0.0997319960909	35.4618647998	0.978438720614
CMTSOLUTION_201103070009A	1.50478391624	0.225379761837	170.981697116	0.809206738438
CMTSOLUTION_201103090245A	0.868672081069	0.14386991636	11913.2685326	0.915214812265
CMTSOLUTION_201103091816A	NOT FOUND	NOT FOUND	12.8263512415	0.171381733855
CMTSOLUTION_201103092124A	NOT FOUND	NOT FOUND	216.725001863	-0.114558694646
CMTSOLUTION_201103092124B	NOT FOUND	NOT FOUND	208.252984452	-0.120470109547
CMTSOLUTION_201103101708A	2.67304614168	0.146402638445	127.492272756	-0.901411901463
CMTSOLUTION_201103110546A	1.0721470831	0.203302565355	425030.551997	0.842913874445
CMTSOLUTION_201103110615A	1.14688316723	0.205711757689	9371.0486309	0.762465393766
CMTSOLUTION_201103110625A	1.066868902	0.20157160789	140.388025683	0.867078043651
CMTSOLUTION_201103111859A	1.05259273986	0.104787490739	26.6713507416	0.977182673088
CMTSOLUTION_201103111902A	1.02467920243	0.0974288796783	27.1154249681	0.955586500658
CMTSOLUTION_201103111946A	1.0369636274	0.103617646357	31.764164914	0.978154741027
CMTSOLUTION_201103112011A	1.02046511968	0.0957578434912	10.3120918594	0.978889484472
CMTSOLUTION_201103120147A	1.02564082789	0.0470410000761	209.840906071	0.974970609052
CMTSOLUTION_201103121315A	1.00424478883	0.117701481169	194.011460966	0.967699601644
CMTSOLUTION_201103130126A	0.937163954468	0.0654465579385	70.4762054727	0.913064531512
CMTSOLUTION_201103140612A	0.968633991681	0.122727580416	96.2236971592	0.942830358598
CMTSOLUTION_201103151327A	0.90218722833	0.021767719884	103.356415191	0.991165154816
CMTSOLUTION_201103151331A	0.911032455268	0.0285612245342	107.429908892	0.993011961677
CMTSOLUTION_201103151523A	1.04739158084	0.202704599279	53.1826434349	0.890704822237
CMTSOLUTION_201103170413A	0.920942555517	0.109033233756	27.9091303978	0.962686561674
CMTSOLUTION_201103200826A	0.857155647091	0.127491722676	44.289886129	0.946993546572
CMTSOLUTION_201103220718A	0.88572944587	0.0271938603318	778.602121295	0.949546470106
CMTSOLUTION_201103220919A	1.40524855854	0.135368757338	35.3100107302	0.913870844014
CMTSOLUTION_201103220944A	1.32834553179	0.157639887891	72.926690385	0.907226057247
CMTSOLUTION_201103241355A	0.8317485198	0.141991173121	4676.53524366	-0.648479972146
CMTSOLUTION_201103251136A	0.873798196168	0.128328975351	258.092835857	0.955978109943
CMTSOLUTION_201103272223A	1.10516609469	0.0535857590465	243.182512073	0.936781299673
CMTSOLUTION_201103291054A	0.746063370114	0.0412038898382	217.431184543	0.839645623063
CMTSOLUTION_201103310715A	0.875272847037	0.11861177497	180.100741832	0.96271556002
CMTSOLUTION_201104011329A	0.830353624906	0.0341750836654	77.0375411996	0.979459358529
CMTSOLUTION_201104032006A	1.05597565651	0.173086021513	368.057596497	0.615987907875
CMTSOLUTION_201104071311A	1.38106186991	0.697497790507	6112.04429011	0.633656459707
CMTSOLUTION_201104071432A	0.804666800828	0.0785324364456	71.4613652094	0.958147558155
CMTSOLUTION_201104091257A	0.823547957929	0.0303468476429	66.5448997157	0.907479792247
CMTSOLUTION_201104110816A	0.927929616138	0.0772505886044	1526.44574876	0.954467531617
CMTSOLUTION_201104112308A	1.62533846848	0.0910570806627	146.262222005	-0.928624919852
CMTSOLUTION_201104131957A	1.21404829411	0.223002389116	197.791395127	0.846996465211
CMTSOLUTION_201104211337A	0.614440594127	0.0445100694232	98.554523342	0.95297059188
CMTSOLUTION_201104230416A	0.757533970737	0.0749497689468	2708.02785165	0.975068366752
CMTSOLUTION_201104231012A	1.32069363202	0.0596238747656	27.0955095029	-0.958026751777
CMTSOLUTION_201104242307A	NOT FOUND	NOT FOUND	1197.86558477	-0.0803029328902
CMTSOLUTION_201104300819A	1.02991181268	0.0475670680774	176.234118708	0.983066078635
CMTSOLUTION_201105061620A	1.00080013343	0.0438557205298	35.2463380603	0.996749989452
CMTSOLUTION_201105080650A	1.06398808036	0.0452848357592	73.6739090832	0.982657970952
CMTSOLUTION_201105111647A	1.74536926427	0.202578409313	62.7380762807	0.906139943537
CMTSOLUTION_201105132247A	NOT FOUND	NOT FOUND	243.860974212	-0.322175692651
CMTSOLUTION_201105132335A	1.03627284763	0.125875894376	69.3501695816	0.936547431781
CMTSOLUTION_201105142107A	NOT FOUND	NOT FOUND	371.203324695	-0.0645850440667
CMTSOLUTION_201105151308A	0.961193326418	0.043959409591	221.174328436	0.995949854178
CMTSOLUTION_201105151837A	0.964089612995	0.00714642414764	150.062741346	0.971630431033
CMTSOLUTION_201105192015A	1.41466499408	0.286138472798	128.024406939	0.79914930389
CMTSOLUTION_201105280547A	1.85613838403	0.198183011811	20.5681956503	0.715334085861
CMTSOLUTION_201106011255A	1.02596569769	0.0565060301534	88.4688414208	0.969947255394
CMTSOLUTION_201106030005A	1.00538140357	0.0501975778453	401.963895111	0.964923665677
CMTSOLUTION_201106131431A	1.05214714617	0.051609013252	397.001167387	0.873243916502
CMTSOLUTION_201106160003A	1.09174176481	0.056976979228	2139.3960158	0.962080588545
CMTSOLUTION_201106201635A	1.07803351011	0.0566598956402	806.2164464	0.99490431596
CMTSOLUTION_201106210204A	1.27034764069	0.0933492125913	45.020546057	0.88958033038
CMTSOLUTION_201106222150A	0.910388538274	0.127585958571	1190.92741627	0.930244541171
CMTSOLUTION_201106230734A	NOT FOUND	NOT FOUND	1979.75715458	-0.0958060225301
CMTSOLUTION_201106240309A	0.883857107744	0.0574606794174	23154.5319131	0.98784288164
CMTSOLUTION_201106261216A	1.06810332911	0.0862365520917	413.235272943	0.967671617302
CMTSOLUTION_201107100057A	1.49715921202	0.610680730139	950.017037087	-0.640551410783
CMTSOLUTION_201107112047A	1.02759341726	0.0711389898534	891.812544561	0.986462101936
CMTSOLUTION_201107151326A	0.648740179549	0.0481278668264	31.5347641747	0.733380865364
CMTSOLUTION_201107160026A	0.000500855613718	6.81086313421e-05	65.2613567633	-0.863853881705
CMTSOLUTION_201107161959A	1.12215149027	0.0237690073001	49.3304924718	-0.947330898359
CMTSOLUTION_201107190713A	NOT FOUND	NOT FOUND	15.810912607	0.108494828048
CMTSOLUTION_201107191935A	1.89834050801	0.140618230326	159.211713056	0.788922994679
CMTSOLUTION_201107202204A	0.9958433242	0.0374995017841	35.3899766752	0.796403809615
CMTSOLUTION_201107230434A	0.861373540495	0.125140270915	283.850288613	0.960325126588
CMTSOLUTION_201107241851A	0.962299061809	0.127260797759	492.443221991	0.959580043828
CMTSOLUTION_201107250050A	1.06385964715	0.0782465253844	1005.65020601	0.975777869928
CMTSOLUTION_201107251757A	NOT FOUND	NOT FOUND	104.889266818	0.536516617677
CMTSOLUTION_201107261744A	NOT FOUND	NOT FOUND	35.3218201493	0.464713702146
CMTSOLUTION_201107301853A	NOT FOUND	NOT FOUND	1354.52486376	0.471825997659
CMTSOLUTION_201107312338A	1.07770802397	0.0339999379419	2045.10876958	0.958338415118
CMTSOLUTION_201108041351A	0.92294456633	0.144215761079	109.387911156	0.904053152195
CMTSOLUTION_201108071435A	0.901787590676	0.120090105376	12.1188688633	0.94302000225
CMTSOLUTION_201108102345A	1.24534452867	0.0458779445633	469.500416401	0.985091453625
CMTSOLUTION_201108161103A	0.94379287272	0.0672090369702	67.2145935436	0.911533911712
CMTSOLUTION_201108171144A	0.88453726431	0.0334465940289	518.529670045	0.964202278878
CMTSOLUTION_201108190536A	1.54951532084	0.0590388376361	30.8455197744	-0.969908581867
CMTSOLUTION_201108222012A	0.854860414027	0.0658760718356	54.2166314052	0.797731789286
CMTSOLUTION_201108241746A	0.808206669076	0.0186745858283	931.456977234	0.964296906184
CMTSOLUTION_201108300657A	0.972919136572	0.0807207768408	402.735482609	-0.812171739412
CMTSOLUTION_201108311217A	1.04531974853	0.0323186165291	50.5829394879	0.975474236486
CMTSOLUTION_201109021055A	0.917325498297	0.0663753218583	2371.67726599	0.99004919802
CMTSOLUTION_201109021347A	1.18419671572	0.0333437821897	17.3912480975	-0.803176090155
CMTSOLUTION_201109030449A	0.972631234052	0.0819814489525	867.751690238	0.97993375238
CMTSOLUTION_201109051755A	0.881709935975	0.0625288581021	351.96872178	0.93131046418
CMTSOLUTION_201109091941A	0.983262329124	0.073688972834	1544.77297723	0.988188154262
CMTSOLUTION_201109141810A	1.03845662433	0.0330498575837	92.3972746046	0.978410713802
CMTSOLUTION_201109150800A	1.20817171069	0.0707914672359	201.872219308	0.954380421533
CMTSOLUTION_201109161926A	0.844909074742	0.166073784502	1112.33935206	0.915761827439
CMTSOLUTION_201109162108A	0.767390646675	0.0693326939879	8.16201865424	0.925851796091
CMTSOLUTION_201109181240A	1.7308080044	0.281232059893	1884.88053351	0.798073019347
CMTSOLUTION_201109220322A	1.17691184861	0.00700977543018	302.703740136	0.996668221946
CMTSOLUTION_201110052352A	0.933075156389	0.0720290821717	324.613643302	0.980732469363
CMTSOLUTION_201110060003A	0.926795159947	0.0705682095479	320.987525566	0.9825185822
CMTSOLUTION_201110060039A	0.924627304783	0.0610639371475	32.3076238276	0.981157626093
CMTSOLUTION_201110130316A	1.75220439141	0.0782804508031	97.4954828567	0.940935457981
CMTSOLUTION_201110140335A	1.09513581047	0.117471752493	565.259629944	0.950197662008
CMTSOLUTION_201110140610A	0.844312290114	0.049038024884	32.9438484932	0.984092371538
CMTSOLUTION_201110180505A	1.09923777658	0.0711522356897	182.862739885	0.968973988228
CMTSOLUTION_201110210802A	1.10712350551	0.0615609133958	132.495744521	0.969831859898
CMTSOLUTION_201110231041A	1.23935477338	0.189617203886	23707.2718749	0.814064888731
CMTSOLUTION_201110231810A	0.992256880626	0.165022013955	68.0489580473	0.735452888359
CMTSOLUTION_201110232045A	1.00949380314	0.164947922495	157.892492261	0.783665759802
CMTSOLUTION_201110251455A	1.13639453923	0.199798860759	83.5080616003	0.870578635964
CMTSOLUTION_201110270804A	0.87863561871	0.0485034445955	7.01147283838	-0.678236270792
CMTSOLUTION_201110281854A	1.00467861597	0.0229157505428	1761.54367496	0.996765910532
CMTSOLUTION_201110292224A	NOT FOUND	NOT FOUND	9.70668822187	-0.479239331586
CMTSOLUTION_201111011232A	0.876577696083	0.0755757350713	146.006698984	0.965650352973
CMTSOLUTION_201111072235A	1.069117645	0.039707526852	79.5691096013	0.984935282788
CMTSOLUTION_201111080259A	1.01093212433	0.0546030466869	1451.247859	0.967499463992
CMTSOLUTION_201111082205A	NOT FOUND	NOT FOUND	15.9207497465	-0.524199120369
CMTSOLUTION_201111091923A	1.19542667593	0.105862681596	279.321580286	0.963877195927
CMTSOLUTION_201111140405A	1.30120510777	0.0139314979815	313.184927912	0.878011536769
CMTSOLUTION_201111142208A	0.849047617123	0.227101456238	12.2704703727	0.610462870546
CMTSOLUTION_201111170157A	0.959382880313	0.0139564541452	87.9705742759	0.984888178973
CMTSOLUTION_201111180600A	1.00393300456	0.0554513172508	79.1677458351	0.982495768574
CMTSOLUTION_201111221848A	1.29959406481	0.043020554024	275.118314652	-0.839639341667
CMTSOLUTION_201111231217A	0.960792944909	0.0799762614007	115.027228961	0.962928516949
CMTSOLUTION_201111231924A	1.01009616999	0.133105383053	174.148840943	0.942066168044
CMTSOLUTION_201111241025A	0.708172544787	0.119543906097	69.0883446801	0.886910361015
CMTSOLUTION_201111281226A	1.60136996396	0.0476492258256	74.4298067247	-0.911185097126
CMTSOLUTION_201111300027A	0.849679683981	0.00512719110935	169.193850859	0.996472515319
CMTSOLUTION_201111300047A	0.74793380474	0.133668433447	219.897195818	0.840394912865
CMTSOLUTION_201112012135A	1.01027080099	0.0324566502439	22.6266583807	0.974317795773
CMTSOLUTION_201112072223A	1.16366357251	0.00397171893054	57.6957044567	0.982101131281
CMTSOLUTION_201112110147A	0.902556546415	0.0462847547836	407.105443196	0.991321641914
CMTSOLUTION_201112110954A	0.988906874079	0.0764060955411	376.316586437	0.983661686531
CMTSOLUTION_201112130752A	1.10637180363	0.0940602364808	45.1687598176	0.91694680524
CMTSOLUTION_201112140504A	1.12417258799	0.0797118986504	754.575397146	0.910014058076
CMTSOLUTION_201112271521A	0.859938371623	0.0616399138313	3604.05482517	0.979680705446
CMTSOLUTION_201201010527A	0.762266002925	0.0956757022226	205.738439174	0.927670521047
CMTSOLUTION_201201101837A	0.763649765463	0.0653188927437	5563.56770469	0.944950385863
CMTSOLUTION_201201151340A	1.10580485964	0.0480536388551	256.615832427	0.929743396314
CMTSOLUTION_201201151421A	1.09449771802	0.044429759695	279.134891565	0.878617651131
CMTSOLUTION_201201211847A	1.03547417578	0.0854579930642	137.703430388	0.939247870199
CMTSOLUTION_201201231604A	0.934405580455	0.0687903294028	88.5964380493	0.963157809976
CMTSOLUTION_201201260424A	NOT FOUND	NOT FOUND	95.3926473039	-0.104135217482
CMTSOLUTION_201201270133A	1.08638101048	0.0368165097838	142.226425236	0.988446582233
CMTSOLUTION_201201300511A	0.926476943318	0.0296303385372	430.413217317	0.992300944143
CMTSOLUTION_201202061010A	0.998764558807	0.0467746373596	11.2997444303	0.989878511595
CMTSOLUTION_201202140134A	NOT FOUND	NOT FOUND	33.5474288781	0.522860447603
CMTSOLUTION_201202140819A	0.79811419425	0.0719080941184	161.723796678	0.939745675276
CMTSOLUTION_201202260617A	0.849902810882	0.088312761444	1361.8058994	0.970368070883
CMTSOLUTION_201203040331A	NOT FOUND	NOT FOUND	23.3244836741	0.510264821939
CMTSOLUTION_201203050746A	1.15251316885	0.0264011278921	25.1314394867	-0.942134333004
CMTSOLUTION_201203140908A	0.848552861737	0.0424001181061	6664.3369928	0.985685834782
CMTSOLUTION_201203141049A	1.46931829168	0.604264094324	7.88328842478	0.758560491883
CMTSOLUTION_201203141205A	1.18292909522	0.0529809255457	5.824448551	0.936111989754
CMTSOLUTION_201203142113A	1.02514735746	0.094529754776	239.417780782	0.979910168873
CMTSOLUTION_201203201756A	0.624248599083	0.0520529811473	4018.07670362	-0.947365973497
CMTSOLUTION_201203201802A	0.984604970854	0.068820643824	3443.36718911	0.976838788645
CMTSOLUTION_201203252237A	0.93004474782	0.0905165708153	813.039356869	0.946164195084
CMTSOLUTION_201203261035A	NOT FOUND	NOT FOUND	7.3104681589	0.491404329462
CMTSOLUTION_201203261812A	0.732380314044	0.101067462995	22.8420184828	0.931068837252
CMTSOLUTION_201203271100A	NOT FOUND	NOT FOUND	32.099032307	0.585133328494
CMTSOLUTION_201204021736A	0.997625983552	0.0659132584295	81.4935638078	0.982561601196
CMTSOLUTION_201204061615A	0.920046553643	0.072383462476	76.3068849941	-0.982323673643
CMTSOLUTION_201204112241A	0.79244102231	0.0769487843236	172.442935276	0.877491418241
CMTSOLUTION_201204112255A	0.994604594617	0.0604722475413	197.912607717	0.990903749283
CMTSOLUTION_201204120706A	5.63140972851	0.313715578201	1107.78727572	0.719661787617
CMTSOLUTION_201204120715A	NOT FOUND	NOT FOUND	1708.21186797	0.549316619454
CMTSOLUTION_201204141056A	1.01048143767	0.0592106164062	122.336321654	0.985181919674
CMTSOLUTION_201204150557A	0.931341843511	0.00929258274166	296.179249046	0.989247498841
CMTSOLUTION_201204161123A	NOT FOUND	NOT FOUND	22.0210622842	0.349466236522
CMTSOLUTION_201204170350A	0.8659494264	0.0739372338296	739.680747179	0.99050727611
CMTSOLUTION_201204170713A	1.13919894013	0.0298000972376	149.332112378	0.973830336489
CMTSOLUTION_201204171903A	0.831228931467	0.0805056223818	55.8519866121	0.927836996878
CMTSOLUTION_201204200121A	1.57793205931	0.191162335585	14.107756139	0.845789134566
CMTSOLUTION_201204210116A	1.00081539424	0.0160756868037	517.153403202	0.967790142172
CMTSOLUTION_201204210125A	1.00902576057	0.0126695509876	557.116172596	0.959397586335
CMTSOLUTION_201205012243A	1.03297862269	0.0631938290601	92.1751635454	0.946706722102
CMTSOLUTION_201205031009A	NOT FOUND	NOT FOUND	17.7792359367	-0.198400960222
CMTSOLUTION_201205031520A	1.38644211816	0.162954323065	26.3743195035	0.949205438027
CMTSOLUTION_201205070440A	NOT FOUND	NOT FOUND	70.1864419652	-0.138240733795
CMTSOLUTION_201205071415A	0.750208291547	0.0248484112261	24.3286495476	0.962368059216
CMTSOLUTION_201205141000A	1.06407875933	0.00665533444373	160.012144199	0.982144758914
CMTSOLUTION_201205180200A	0.776952872899	0.0153943227989	684.058463731	0.987508204739
CMTSOLUTION_201205200719A	1.19550415202	0.255368900701	231.111030934	0.853435599256
CMTSOLUTION_201205220000A	NOT FOUND	NOT FOUND	44.5215406016	0.322233756465
CMTSOLUTION_201205231502A	0.832762729959	0.0829228643079	142.409155362	0.954880443926
CMTSOLUTION_201205242247A	0.894066857232	0.0531196146735	1523.13726163	0.981615389012
CMTSOLUTION_201205262148A	NOT FOUND	NOT FOUND	11.125090312	0.3166931892
CMTSOLUTION_201205280507A	0.963999951888	0.0276197388544	435.207975743	-0.93132769791
CMTSOLUTION_201206020752A	NOT FOUND	NOT FOUND	61.1960211487	-0.184691555207
CMTSOLUTION_201206040045A	0.975913793943	0.0487700248193	231.545098205	0.991415025412
CMTSOLUTION_201206040315A	1.00844004954	0.0108160720676	30.6462754619	0.986435819779
CMTSOLUTION_201206051931A	0.85418280455	0.0595481853262	285.137018118	0.918932932463
CMTSOLUTION_201206070405A	1.02482040474	0.0630850176778	164.486813366	0.797485121623
CMTSOLUTION_201206071603A	1.12327558977	0.0937176522608	33.0339198163	0.959071737456
CMTSOLUTION_201206072054A	1.340120421	0.0922410364586	17.8302452477	0.899407047623
CMTSOLUTION_201206101244A	0.888927269072	0.0622882795575	350.212592278	0.921026864928
CMTSOLUTION_201206140552A	2.74547257055	0.428311232134	22.2833984745	-0.832712772801
CMTSOLUTION_201206172032A	0.875935735663	0.12224090322	354.48942796	0.955770275624
CMTSOLUTION_201206191556A	1.06770460315	0.131219764491	88.9490954499	0.951033475804
CMTSOLUTION_201206230434A	NOT FOUND	NOT FOUND	84.049437685	0.438439771486
CMTSOLUTION_201206240315A	0.886944475075	0.0667248593317	179.964744872	0.983672335358
CMTSOLUTION_201206251305A	NOT FOUND	NOT FOUND	26.3824801223	-0.213005478341
CMTSOLUTION_201206292107A	NOT FOUND	NOT FOUND	545.939623427	-0.297339704131
CMTSOLUTION_201207081133A	1.12531434688	0.129660079075	82.2074677965	0.852905638081
CMTSOLUTION_201207091355A	1.08938222036	0.0104488069684	18.611813487	0.701276824495
CMTSOLUTION_201207200610A	1.09079412807	0.0109348818607	77.0834868637	0.993366888126
CMTSOLUTION_201207250027A	1.33032571843	0.0261158392659	48.746514656	0.831512223966
CMTSOLUTION_201207251120A	1.33502201127	0.0569364365285	301.972107548	0.964656188621
CMTSOLUTION_201207260533A	1.21695184557	0.0395218271096	953.502704728	0.983903240137
CMTSOLUTION_201207282004A	1.21434797158	0.0744116396914	390.334343879	0.929358745593
CMTSOLUTION_201208020938A	1.50610477696	0.218191492523	64.8196797072	-0.929290312236
CMTSOLUTION_201208020956A	1.26022078114	0.148888821244	80.9160727392	0.96476802734
CMTSOLUTION_201208101837A	1.29593319827	0.0336919940385	113.101544822	-0.940711027845
CMTSOLUTION_201208111223A	1.09930756108	0.062923004928	1786.29018841	0.977926957422
CMTSOLUTION_201208111234A	1.10201455266	0.0597404315319	1376.29160105	0.989247789153
CMTSOLUTION_201208121047A	2.30097277471	0.0929093580655	110.72014885	0.783913540352
CMTSOLUTION_201208140259A	NOT FOUND	NOT FOUND	11820.1006149	-0.597658679677
CMTSOLUTION_201208151749A	NOT FOUND	NOT FOUND	22.1189061673	0.325163344803
CMTSOLUTION_201208180941A	NOT FOUND	NOT FOUND	20.8754279104	0.577732156776
CMTSOLUTION_201208192241A	1.12129715996	0.0698476383292	101.873284474	0.961002150535
CMTSOLUTION_201208261505A	0.809000333294	0.100231425688	535.208741737	0.958143514505
CMTSOLUTION_201208270437A	0.934693536898	0.0336455857925	4085.01063068	0.994005460046
CMTSOLUTION_201208301343A	0.859875383265	0.05153812932	1330.5170675	0.988684095173
CMTSOLUTION_201208311247A	2.00449963019	0.204312305852	1352.99099523	0.856805539821
CMTSOLUTION_201209031823A	1.47819427693	0.0563754750767	45.6294849341	0.888527565168
CMTSOLUTION_201209051442A	1.00502363525	0.0611423436898	2484.625721	0.991126314778
CMTSOLUTION_201209081051A	0.864556052868	0.105697504221	96.5192913413	0.966158867224
CMTSOLUTION_201209120327A	1.86759947082	0.0376625014508	24.1302369658	0.820759243054
CMTSOLUTION_201209140451A	1.48349617669	0.111359080486	47.0992199378	0.784831938295
CMTSOLUTION_201209190917A	NOT FOUND	NOT FOUND	12.2593920364	0.430408817285
CMTSOLUTION_201209220352A	0.94984310474	0.102495251797	15.1676656383	0.873308104171
CMTSOLUTION_201209252345A	0.92074901914	0.0646532277929	232.429232612	0.941777417703
CMTSOLUTION_201209262339A	0.84873705505	0.0304130580749	281.116446609	0.996026730144
CMTSOLUTION_201209301631A	1.07857141804	0.0524067186867	5194.4466315	0.99346237011
CMTSOLUTION_201210012221A	0.890541421109	0.1702202695	229.469281349	0.9162677323
CMTSOLUTION_201210080626A	2.45745867038	0.816023242249	52.7147635053	0.608774737547
CMTSOLUTION_201210081143A	1.14581836324	0.0272728986898	62.6208902711	0.80901321263
CMTSOLUTION_201210120031A	1.18968834087	0.0720045438537	392.174024397	-0.874772932057
CMTSOLUTION_201210141013A	NOT FOUND	NOT FOUND	40.7962646227	-0.440055940036
CMTSOLUTION_201210170442A	1.0101690495	0.0506149132208	18.3591655218	0.817323411767
CMTSOLUTION_201210240045A	1.02465938128	0.0518625377018	380.631668589	0.994093843086
CMTSOLUTION_201210252305A	1.10900198659	0.149138963346	74.7776551275	0.895155604836
CMTSOLUTION_201210280304A	0.931449946206	0.0409317807761	40867.158867	0.981038059649
CMTSOLUTION_201210281854A	0.91314014288	0.0388056836056	989.389400239	0.988773890104
CMTSOLUTION_201210300249A	0.921829059339	0.044269094826	1586.90231885	0.990568832723
CMTSOLUTION_201211021817A	0.893868252179	0.0387888373146	52.4991725385	0.900826133619
CMTSOLUTION_201211070626A	1.1197162795	0.0622112227783	192.26253541	0.980993521815
CMTSOLUTION_201211071635A	1.23624160372	0.0495627098126	8037.19277169	-0.907188676058
CMTSOLUTION_201211080201A	1.00389965481	0.109188222925	93.8164086482	0.831719792266
CMTSOLUTION_201211101457A	0.605718894661	0.00768084196784	22.748452601	0.9024221759
CMTSOLUTION_201211110112A	1.08150148901	0.106502230465	1883.41183618	0.984919802077
CMTSOLUTION_201211112215A	0.992182816732	0.0768538418466	125.329459791	0.97034657031
CMTSOLUTION_201211122042A	0.757129340429	0.0170139914464	200.763817171	0.92320226157
CMTSOLUTION_201211130431A	0.900229478517	0.0166740079417	120.683543752	0.962164097091
CMTSOLUTION_201211141902A	1.04629446325	0.0213529258985	380.531884718	0.994157119788
CMTSOLUTION_201211150920A	6.09248483177	1.02555639445	87.8355887963	-0.92911529263
CMTSOLUTION_201211161812A	0.950695061387	0.0615139120338	561.386894428	0.956366234244
CMTSOLUTION_201211190944A	1.04118100996	0.0924225157239	115.781679941	0.910993121939
CMTSOLUTION_201212070818A	1.54571724487	0.286019411231	4218.45782219	0.770519085451
CMTSOLUTION_201212070818B	1.55880972249	0.282810454664	4236.01947568	0.766124581479
CMTSOLUTION_201212070831A	1.66131626891	0.300892582064	4835.22448991	0.709875624195
CMTSOLUTION_201212101653A	0.824696389318	0.143179769934	809.101088121	0.900078005444
CMTSOLUTION_201212110618A	NOT FOUND	NOT FOUND	18.6065952163	0.493896662017
CMTSOLUTION_201212141036A	0.625338383881	0.0380100844562	68.5504655675	0.943791220676
CMTSOLUTION_201212150449A	0.980586649613	0.081029678366	29.3543662456	0.950763774015
CMTSOLUTION_201212151930A	1.28392864337	0.0804235262827	39.8268556515	0.831712523329
CMTSOLUTION_201212231331A	1.60196671296	0.0271605865622	78.3410569337	0.984464222834
CMTSOLUTION_201301050858A	0.908497629067	0.0447403294495	74042.2015466	0.984009848043
CMTSOLUTION_201301081416A	1.04258062389	0.0766817797838	171.060893058	0.946268840837
CMTSOLUTION_201301202332A	1.03225630509	0.0535185174891	138.520165912	0.949911782158
CMTSOLUTION_201301281638A	1.69590188844	0.138813177234	451.560365076	0.959750282378
CMTSOLUTION_201301302015A	1.04697624855	0.031862952552	814.710571445	0.976981951824
CMTSOLUTION_201301302303A	1.1110696662	0.0500422623571	6.79120417262	0.94026332258
CMTSOLUTION_201301310333A	1.19740970661	0.0315365012572	25.008464936	0.754840039745
CMTSOLUTION_201302010536A	NOT FOUND	NOT FOUND	32.6506250478	0.16650021158
CMTSOLUTION_201302012216A	NOT FOUND	NOT FOUND	63.0499458467	0.399544151127
CMTSOLUTION_201302012218A	NOT FOUND	NOT FOUND	69.1747924557	0.326401806572
CMTSOLUTION_201302021417A	0.930750584955	0.054624135961	2006.67392386	0.987746726156
CMTSOLUTION_201302060007A	NOT FOUND	NOT FOUND	2213.20099422	0.452257154667
CMTSOLUTION_201302060112A	NOT FOUND	NOT FOUND	918.903994461	0.353601909023
CMTSOLUTION_201302060123A	NOT FOUND	NOT FOUND	550.560494227	0.331565866301
CMTSOLUTION_201302060154A	NOT FOUND	NOT FOUND	160.689793477	0.501156975323
CMTSOLUTION_201302060635A	1.36881006753	0.145680042827	5.09963541072	0.940458458396
CMTSOLUTION_201302061153A	1.39403529305	0.121753523736	6.83029409529	0.938745945235
CMTSOLUTION_201302160437A	1.04382113144	0.0865840444965	91.5016909943	0.961439228511
CMTSOLUTION_201302170542A	NOT FOUND	NOT FOUND	28.9129686112	0.119457067814
CMTSOLUTION_201302221201A	1.01892183102	0.0166584263021	28.4660960832	-0.944684500599
CMTSOLUTION_201303011253A	0.942214128855	0.0233339866296	565.476555367	0.915857634244
CMTSOLUTION_201303011320A	0.938024534834	0.0216979397103	759.802467085	0.925024069318
CMTSOLUTION_201303102251A	0.860122275677	0.0823991154131	890.187316151	0.975963146864
CMTSOLUTION_201303190329A	2.30339625565	0.132975894615	39.1668125632	-0.858638112415
CMTSOLUTION_201303202228A	0.938880993799	0.0716468923377	114.730173243	0.966665637807
CMTSOLUTION_201303240418A	0.986997188209	0.0509807748728	463.105643796	0.992707077854
CMTSOLUTION_201303252302A	0.908642664326	0.0134638492992	101.084799118	0.979802910529
CMTSOLUTION_201304011853A	0.892432701272	0.163407420501	119.723262483	0.933653633769
CMTSOLUTION_201304051300A	NOT FOUND	NOT FOUND	42.8991686214	-0.543277659268
CMTSOLUTION_201304060442A	1.07054838912	0.0826494291679	1671.47945787	0.976471810255
CMTSOLUTION_201304061126A	NOT FOUND	NOT FOUND	12.1913041187	0.488205634525
CMTSOLUTION_201304091152A	0.57513902291	0.0566709333215	215.391660228	0.965171943127
CMTSOLUTION_201304140132A	1.47034052875	0.0412332431432	109.398459275	-0.602482449562
CMTSOLUTION_201304161044A	0.993828564975	0.03453296814	119666.088409	0.997756464747
CMTSOLUTION_201304162255A	NOT FOUND	NOT FOUND	39.4979000805	0.561061441395
CMTSOLUTION_201304190305A	0.970628413865	0.0462815552082	5049.58466289	0.987138328055
CMTSOLUTION_201304191958A	0.972715333772	0.0308500313515	53.6003275386	0.97486544704
CMTSOLUTION_201304200002A	1.30456890255	0.341187616414	700.313907827	0.825265856124
CMTSOLUTION_201304201312A	0.983257718716	0.0621361790093	54.2326923452	0.951409992721
CMTSOLUTION_201304210322A	0.850795084733	0.0633542502104	53.8968641282	-0.807960002187
CMTSOLUTION_201304220116A	0.986489302108	0.050034998702	170.281117864	0.991446852241
CMTSOLUTION_201304232314A	1.01496142568	0.0681549637899	735.029369791	0.98319442543
CMTSOLUTION_201304300625A	1.06674874579	0.0667830159827	220.025572519	0.978848762105
CMTSOLUTION_201305110208A	0.497235170182	0.0108656921648	257.2684493	0.71115168607
CMTSOLUTION_201305140032A	NOT FOUND	NOT FOUND	258.654421553	0.439819772745
CMTSOLUTION_201305180548A	0.98295148074	0.145462352322	80.7167904277	0.938760699612
CMTSOLUTION_201305190907A	1.0953988193	0.0168301166368	69.9955081685	0.952465759942
CMTSOLUTION_201305200949A	0.919961913179	0.0341424050679	334.951853786	0.966237404339
CMTSOLUTION_201305210155A	0.934358648671	0.027243584179	106.976765663	0.98771240204
CMTSOLUTION_201305210543A	0.931100695545	0.0168268740472	50.2018446686	0.98433785177
CMTSOLUTION_201305241456A	2.43457754336	0.522436956727	12.4653310349	-0.614115393931
CMTSOLUTION_201305280009A	0.93951269192	0.142071502114	17.7211943058	0.899846170095
CMTSOLUTION_201306020543A	1.00443301993	0.0333458019618	193.617942029	0.976828532687
CMTSOLUTION_201306050447A	1.13572611005	0.0941420565321	75.2846887546	0.944796901084
CMTSOLUTION_201306061153A	7.63649953565	2.53584745363	12.8726827648	-0.62190563129
CMTSOLUTION_201306131647A	0.881743985902	0.112684644966	220.792810309	-0.682674259871
CMTSOLUTION_201306151611A	1.25463530553	0.027231598774	368.064848812	0.872043862177
CMTSOLUTION_201306151734A	0.979358215316	0.0236296109789	119.333412554	-0.893402092804
CMTSOLUTION_201306162139A	1.35706746644	0.0380941195964	409.153983681	0.888729219259
CMTSOLUTION_201306242204A	1.01654600257	0.0442275237521	1934.05061616	0.996715109099
CMTSOLUTION_201307020737A	2.06628830075	0.321634979502	109.903420683	0.829843800156
CMTSOLUTION_201307041716A	0.950564897993	0.0228204242261	40.3202717609	0.957578675606
CMTSOLUTION_201307060505A	1.57727410822	0.0950835289194	57.087705442	0.644902595253
CMTSOLUTION_201307071835A	0.950608109171	0.039650731989	775.120452881	0.75239015627
CMTSOLUTION_201307072030A	NOT FOUND	NOT FOUND	4.89814664594	0.509977190044
CMTSOLUTION_201307081530A	0.953492660945	0.0709140129893	11.6723301539	0.992022640558
CMTSOLUTION_201307151403A	0.944047868021	0.025408750258	917.196897874	0.957086833886
CMTSOLUTION_201307170237A	1.15546887754	0.0631434583874	50.0242160212	0.951483994253
CMTSOLUTION_201307212345A	0.668780416802	0.134365729668	83.0011226376	-0.815351777879
CMTSOLUTION_201307220701A	0.92522188668	0.0135892469134	417.624461244	0.947877753875
CMTSOLUTION_201308070906A	NOT FOUND	NOT FOUND	31.4477312711	-0.154928007292
CMTSOLUTION_201308120053A	NOT FOUND	NOT FOUND	81.5931012488	0.458529073252
CMTSOLUTION_201308120949A	1.00416774181	0.0629462663835	183.984468133	0.991064871667
CMTSOLUTION_201308131543A	0.928856349822	0.0477697810065	426.6742899	0.82268963203
CMTSOLUTION_201308171632A	1.00812409162	0.102349388172	200.109107428	0.990399030694
CMTSOLUTION_201308211238A	0.879875867557	0.0343376347434	72.8292566825	0.955496845336
CMTSOLUTION_201308301625B	0.962263981929	0.0608250624431	4439.07305043	0.988760272693
CMTSOLUTION_201308310638A	0.924321454157	0.057644834692	301.397185098	0.982598222643
CMTSOLUTION_201309011152A	1.43284288942	0.0759675249287	265.80997724	0.86711120856
CMTSOLUTION_201309032019A	0.924262096812	0.0437389310159	613.616245434	0.983988033236
CMTSOLUTION_201309040018A	1.42072697575	0.0758331836068	563.552797833	-0.867726563853
CMTSOLUTION_201309040023A	0.871195683356	0.0512959215416	1115.27621793	0.983893508277
CMTSOLUTION_201309040232A	0.952219100445	0.0581429612057	251.594267648	0.989674441755
CMTSOLUTION_201309040627A	0.928118414028	0.0564407758077	55.3506083266	0.98868700798
CMTSOLUTION_201309050401A	0.923723825797	0.0536931331774	819.281961739	0.988352554466
CMTSOLUTION_201309061133A	1.20864292955	0.0591083188131	32.8371245712	-0.73655073087
CMTSOLUTION_201309070013A	0.937976761283	0.0477472960172	1031.12443968	0.990232467437
CMTSOLUTION_201309111244A	1.19466272336	0.0162740424144	41.9860026396	0.824403437013
CMTSOLUTION_201309151621A	0.97309855426	0.0647847800781	177.256665348	0.98472918351
CMTSOLUTION_201309161501A	1.15508051126	0.111783721126	45.3631008423	0.929628518488
CMTSOLUTION_201309170409A	1.13135427944	0.116604637856	18.0461700351	0.789191439847
CMTSOLUTION_201309210139A	5.70093604172	0.38727127027	41.8510877058	-0.844141901379
CMTSOLUTION_201309241129A	0.603263792721	0.0851506314444	102664.350331	0.9004315574
CMTSOLUTION_201309251642A	1.18093941858	0.0105450064899	334.836569669	0.982734388619
CMTSOLUTION_201309260118A	NOT FOUND	NOT FOUND	38.3294773547	0.130849483778
CMTSOLUTION_201309280734A	0.783870578788	0.0566013264225	7221.0395178	0.978440951732
CMTSOLUTION_201309300816A	0.940228428317	0.0732364215093	19.5676504844	0.983209263261
CMTSOLUTION_201310010338A	1.66176121674	0.147622195132	211.106121094	-0.790006340443
CMTSOLUTION_201310011941A	0.926383946778	0.0545693757074	98.0153042197	0.980428721801
CMTSOLUTION_201310041726A	NOT FOUND	NOT FOUND	592.716624764	-0.238148571589
CMTSOLUTION_201310060137A	0.908792086225	0.0627866086081	65.9468459725	0.931709967129
CMTSOLUTION_201310061638A	1.10325948301	0.0391668833074	84.7901472883	0.99096854771
CMTSOLUTION_201310062133A	0.752316479411	0.0285520835402	46.8858499279	0.897007382747
CMTSOLUTION_201310120210A	1.01094758559	0.0260893781457	102.352548994	0.966389982261
CMTSOLUTION_201310121311A	0.982837793673	0.060295332265	1169.5111835	0.979091167702
CMTSOLUTION_201310150012A	0.918317223425	0.0292678172657	5892.49502707	0.996119596472
CMTSOLUTION_201310161031A	1.17372584229	0.164100324745	334.223626783	0.923355399071
CMTSOLUTION_201310191754A	1.31337679485	0.22399167683	363.548935026	0.752089216919
CMTSOLUTION_201310241925A	1.06390203804	0.11779580004	64.3787940359	0.85857571078
CMTSOLUTION_201310251710A	1.04637023377	0.0578462147679	2555.97154231	0.943377565967
CMTSOLUTION_201310300251A	1.36621072097	0.0928282771577	87.994968908	0.934920302111
CMTSOLUTION_201310311202A	1.06406104798	0.0854903037871	207.378499433	0.984771427507
CMTSOLUTION_201310312303A	1.0799658804	0.0345809657462	253.661350261	0.980570675171
CMTSOLUTION_201311031103A	NOT FOUND	NOT FOUND	12.5406032205	0.1521340041
CMTSOLUTION_201311120703A	0.893326504579	0.0577158705996	346.513045644	0.992143780304
CMTSOLUTION_201311132345A	0.96783330737	0.0205306365689	28.9028669243	0.977698277717
CMTSOLUTION_201311160334A	0.973497999261	0.0649944129781	631.382717479	0.979118671264
CMTSOLUTION_201311170904A	1.06170100766	0.100871591594	4723.50580104	0.964168697365
CMTSOLUTION_201311191332A	0.996561441774	0.134216348364	78.2263613566	0.933087749142
CMTSOLUTION_201311220651A	0.499911442411	0.111114565952	19.1375736784	0.603110009232
CMTSOLUTION_201311221830A	0.534940757345	0.0793765373988	30.8423769384	-0.684097143532
CMTSOLUTION_201311241805A	0.587215257946	0.0898403389521	27.2753780608	0.782400482819
CMTSOLUTION_201311250627B	1.07982193495	0.038549378267	688.906288373	0.99495538376
CMTSOLUTION_201312010124A	1.37072743555	0.0839636129801	235.997474199	0.943081024863
CMTSOLUTION_201312010629A	NOT FOUND	NOT FOUND	23.5786350933	0.551056621756
CMTSOLUTION_201312172338A	0.94919907857	0.121202340457	65.1681032063	0.908399366499
CMTSOLUTION_201312281521A	1.18879643681	0.0310811208201	152.985849805	0.964039639416
CMTSOLUTION_201401130401A	0.997045916748	0.0582601890566	349.808578475	0.905733993317
CMTSOLUTION_201401250514A	2.52160341553	0.0292545925351	59.6027357876	-0.738357984264
CMTSOLUTION_201401261355A	1.62692446104	0.0597797551733	344.625493633	0.912469974772
CMTSOLUTION_201401261845A	0.585793183481	0.0964985320438	37.7321975033	0.703693750728
CMTSOLUTION_201401282222A	0.947025972951	0.0742909486294	69.8810305933	0.974180354119
CMTSOLUTION_201402010358A	0.966602877024	0.0878282857852	108.203933358	0.978879643946
CMTSOLUTION_201402030308A	2.14480191828	0.193227851445	208.766855867	0.923127247527
CMTSOLUTION_201402101206A	0.711523660072	0.0821717340752	26.3708105125	0.790364055192
CMTSOLUTION_201402120919A	4.24267245839	0.343550533123	2441.52499871	0.688304075353
CMTSOLUTION_201402180927A	1.17894541211	0.094796471151	335.11275022	0.942366012821
CMTSOLUTION_201402262113B	0.655398384848	0.00962029698949	81.6139845358	0.896063155083
CMTSOLUTION_201403020937A	0.975707459376	0.04339367267	449.887649278	0.996240380007
CMTSOLUTION_201403022011A	0.976479134531	0.0604912455411	968.527875173	0.986614777432
