event	E	sd	signal/noise	char_func_max
CMTSOLUTION_200801011855A	0.923388544757	0.0142709847827	190.186544681	0.917216099872
CMTSOLUTION_200801040729A	1.02335966352	0.178034670309	25.4535347484	0.707936692875
CMTSOLUTION_200801051101A	0.950283989079	0.0572703814398	800.562658618	0.988910959487
CMTSOLUTION_200801051144A	0.948459799893	0.0538316381218	70.2668953988	0.992287269967
CMTSOLUTION_200801060514A	1.02209125103	0.0348000396259	267.767009498	0.895772794096
CMTSOLUTION_200801090826A	0.923251252314	0.029546426577	1374.42458143	0.970624103121
CMTSOLUTION_200801091440A	0.978567159386	0.0474406777086	80.4687938686	0.994988488904
CMTSOLUTION_200801100137A	0.846166197651	0.0291556595466	175.727898581	0.983256120391
CMTSOLUTION_200801202026A	1.02723784163	0.087224683212	51.6366844156	0.852702419534
CMTSOLUTION_200801221714A	1.13872982147	0.115884364741	58.5799574061	0.684736592838
CMTSOLUTION_200801300732A	0.694322614501	0.058024782977	102.721817804	0.911961538407
CMTSOLUTION_200802041701A	1.88487345941	0.013195568864	134.267480227	-0.913743518569
CMTSOLUTION_200802080938A	1.04586840028	0.0875445595715	3371.20863227	0.983671806433
CMTSOLUTION_200802091833A	3.28538978417	0.165407821363	112.509659573	-0.896551298732
CMTSOLUTION_200802101222A	1.13309089273	0.0767379241692	486.956334835	0.986407131791
CMTSOLUTION_200802121250A	0.969345680036	0.0228349704677	381.792619854	0.986134889874
CMTSOLUTION_200802131958A	1.01047084663	0.049687318989	225.767623377	0.94928011001
CMTSOLUTION_200802141009A	0.564558360197	0.0263142969191	1331.91811933	0.820684586761
CMTSOLUTION_200802141208A	0.604978825605	0.0383765021624	18.72093324	0.774501602442
CMTSOLUTION_200802161445A	1.09663445919	0.063030106826	154.994301348	0.984911950857
CMTSOLUTION_200802200808A	1.31023679158	0.0231525288121	3305.02793098	0.672264780571
CMTSOLUTION_200802201827A	0.75448295408	0.0344173056445	372.706911119	0.933276315899
CMTSOLUTION_200802210246A	0.923491227808	0.0643365346878	867.863965435	0.989136641717
CMTSOLUTION_200802211416A	0.858126274084	0.0478112561299	57.6942769563	0.986570192126
CMTSOLUTION_200802231557A	NOT FOUND	NOT FOUND	87.8659848037	0.352773884085
CMTSOLUTION_200802241446A	1.03264723276	0.0616070988042	64.7784304741	0.749760683008
CMTSOLUTION_200802250836A	1.05042431782	0.0373917130194	508.157274362	0.619369206301
CMTSOLUTION_200802251806A	1.10341632588	0.0501504249617	128.722999563	0.669615037799
CMTSOLUTION_200802252102A	1.17301453229	0.0448513040158	80.9029170568	0.604138940332
CMTSOLUTION_200802270654A	1.00554185112	0.0547105712289	56.6449694235	0.957170346452
CMTSOLUTION_200803030237A	NOT FOUND	NOT FOUND	25.6798914189	0.44025855314
CMTSOLUTION_200803030931A	0.890352962785	0.091269675548	390.148726498	0.984696417733
CMTSOLUTION_200803031349A	NOT FOUND	NOT FOUND	228.695448358	0.40457418595
CMTSOLUTION_200803031411A	NOT FOUND	NOT FOUND	256.762846705	0.339254584867
CMTSOLUTION_200803131328A	0.981759889938	0.118482025155	48.1114008398	0.924315550568
CMTSOLUTION_200803142232A	1.01814991755	0.0213812208479	50.1983963079	0.948229509334
CMTSOLUTION_200803151443A	NOT FOUND	NOT FOUND	11.2215492545	0.234167455794
CMTSOLUTION_200803201410A	1.20464862203	0.191705309106	50.3025003541	0.839623685243
CMTSOLUTION_200803202233A	1.16445006994	0.0263289076519	9714.07492299	0.972932219145
CMTSOLUTION_200803222124A	0.787176186533	0.072462037693	110.715417254	0.910639549775
CMTSOLUTION_200803242039A	1.06215313397	0.0723184267986	133.437287805	0.966952214665
CMTSOLUTION_200803291730A	1.18083711428	0.0170550449285	161.43295	0.612653289575
CMTSOLUTION_200804140945A	1.0158045917	0.0620651785248	157.785152508	0.988547305118
CMTSOLUTION_200804150303A	0.954558893826	0.017480434087	47.2055921976	0.904820327822
CMTSOLUTION_200804152259A	0.982825904095	0.0472626440931	412.256298346	0.929501194241
CMTSOLUTION_200804160554A	0.905314740725	0.0558780205199	1218.3308028	0.988540947253
CMTSOLUTION_200804190312A	1.00266754649	0.0160791287767	100.802438116	0.981324485671
CMTSOLUTION_200804231828A	1.04915133867	0.0823207597772	74.2603669473	0.903427440013
CMTSOLUTION_200804241214A	0.918920484894	0.0734087020943	446.920469136	0.99138885467
CMTSOLUTION_200804281557A	1.02771531869	0.113537445026	23.3420110974	0.931719371479
CMTSOLUTION_200805020133A	0.818677151012	0.0344111764865	669.226413921	0.993899188419
CMTSOLUTION_200805071602A	0.923296765037	0.106822238326	1115.03882684	0.946406824177
CMTSOLUTION_200805071616A	0.931189378822	0.106871820796	1201.87633471	0.929006359213
CMTSOLUTION_200805071645A	0.932035039116	0.100868321761	589.913704447	0.964815014033
CMTSOLUTION_200805092151A	0.930404745282	0.0417726711865	1524.09289309	0.982445384457
CMTSOLUTION_200805121111A	2.15309138723	0.39421819745	4.50748214529	-0.902103893583
CMTSOLUTION_200805191426A	1.22740289979	0.0959157664	57.6338186455	0.972470874267
CMTSOLUTION_200805201353A	0.99339022565	0.0732856703339	122.667462911	0.992216205318
CMTSOLUTION_200805231935A	0.954474653351	0.0772977209753	2435.64966432	0.975942926188
CMTSOLUTION_200805250821A	NOT FOUND	NOT FOUND	159.879126217	0.259004785933
CMTSOLUTION_200805291546A	0.887893770451	0.055022781022	1551.97860652	0.996117318267
CMTSOLUTION_200805310437A	1.30330351306	0.0310611697562	130.259405344	0.905393601949
CMTSOLUTION_200806010157A	1.13373668281	0.0282397826236	191.929366193	0.977333734017
CMTSOLUTION_200806031620A	1.01677594265	0.0679068245291	155.716127878	0.907559624873
CMTSOLUTION_200806032204A	0.964231640024	0.0360732182294	16.672624298	0.847011053789
CMTSOLUTION_200806050216A	1.02698212163	0.0729685063583	116.6226558	0.972172212786
CMTSOLUTION_200806061342A	0.965261325676	0.0902085122367	57.047022826	0.85101616356
CMTSOLUTION_200806081225A	0.988789762638	0.0486718833791	492.410254491	0.915141107845
CMTSOLUTION_200806132343A	0.897000862856	0.0883984401824	1930.89056185	0.935595211017
CMTSOLUTION_200806150837A	1.17521457571	0.0909700859187	59.7404356047	0.780568845495
CMTSOLUTION_200806222356A	NOT FOUND	NOT FOUND	35.0778182766	0.0395574911909
CMTSOLUTION_200806271140A	1.0996889517	0.0398901823809	571.977662461	0.982181260102
CMTSOLUTION_200806281254A	1.12307617202	0.0342373254008	189.622735245	0.993911638997
CMTSOLUTION_200806292053A	0.927030470849	0.0520310387928	13.7532432139	0.963646010994
CMTSOLUTION_200806300617A	1.01708585055	0.0484893514954	1328.71709038	0.903053399942
CMTSOLUTION_200807050212A	3.28071528116	0.345264620344	11369.0857853	-0.784544675985
CMTSOLUTION_200807080742A	0.911094110859	0.059988396807	79.5510520916	-0.986928145865
CMTSOLUTION_200807080913A	1.05067876703	0.0670303434045	22.4150245104	0.983066658409
CMTSOLUTION_200807131458A	1.02480007129	0.0643223170204	404.785298654	0.966896247218
CMTSOLUTION_200807150326A	0.917333157959	0.117233436578	769.250429462	0.885477688325
CMTSOLUTION_200807190239A	0.746706254246	0.0765769010596	2389.23329305	0.970032218642
CMTSOLUTION_200807190927A	1.19034547247	0.0891502168387	354.741206096	0.868030746856
CMTSOLUTION_200807191101A	1.18554810226	0.089875868436	7.7405566702	0.858498264341
CMTSOLUTION_200807231526A	0.897914874719	0.0623097465754	606.457223691	0.969520817492
CMTSOLUTION_200807240143A	0.830977973942	0.0553779452543	184.069141581	0.978277448945
CMTSOLUTION_200807282140A	1.34383156936	0.0202592313858	127.525954258	0.927947295167
CMTSOLUTION_200808042045A	DiffNPTS	DiffNPTS	DiffDelta	DiffNPTS
CMTSOLUTION_200808050949A	0.946773693154	0.112003748711	107.852386489	0.960515524301
CMTSOLUTION_200808100820A	1.13174339746	0.108281221636	158.886131429	0.974885617524
CMTSOLUTION_200808112338A	0.959380113509	0.0772231771323	201.403806739	0.994473241924
CMTSOLUTION_200808151025A	0.988258666829	0.0550648909622	115.467605362	0.985942004994
CMTSOLUTION_200808211224A	0.878168548486	0.0589794048694	203.258753021	0.967156877582
CMTSOLUTION_200808220747A	1.01296931014	0.125432212163	121.658453031	0.859064478309
CMTSOLUTION_200808251322A	1.11198793346	0.107679338072	1051.17721694	0.933407504856
CMTSOLUTION_200808262100A	0.876534471944	0.0195345908833	291.30364675	0.990464926571
CMTSOLUTION_200808270135A	0.744190322796	0.071691603387	278.618534652	0.967166352443
CMTSOLUTION_200808281522A	0.934962758041	0.0613063941634	399.661286503	0.98940671453
CMTSOLUTION_200808300654A	1.17332508883	0.0498077673775	544.704002651	0.972628973725
CMTSOLUTION_200809031125A	0.970446602293	0.0269654604362	44.3881092666	-0.908796062535
CMTSOLUTION_200809101100A	0.961096793678	0.0493108985371	2556.88316942	-0.981827559151
CMTSOLUTION_200809101308A	1.03383419127	0.0663944644332	565.440156321	0.985438969153
CMTSOLUTION_200809110000A	NOT FOUND	NOT FOUND	2933.77599785	0.530827815353
CMTSOLUTION_200809110020A	0.891251972822	0.113023489876	2637.94839222	0.962805373654
CMTSOLUTION_200809180141A	1.05773724617	0.0418143054505	48.6247607628	0.894798321628
CMTSOLUTION_200809240233A	0.805668577357	0.0741432369057	58.1618308134	0.644743397194
CMTSOLUTION_200809250147A	NOT FOUND	NOT FOUND	44.8735203152	0.407214091604
CMTSOLUTION_200810051552A	0.920376557037	0.0274530396702	1931.06120629	0.973751590246
CMTSOLUTION_200810060830A	0.917386328553	0.0889373284983	463.787548678	0.973845996908
CMTSOLUTION_200810110906A	4.2637558245	0.0711832906722	137.836758976	0.672748508165
CMTSOLUTION_200810111040A	4.1526616408	0.110816511069	78.814933932	-0.66426446041
CMTSOLUTION_200810122055A	0.785932233772	0.0359837317633	59.879548826	0.781716245798
CMTSOLUTION_200810140206A	0.339342370671	0.0130247253885	9.72031438544	0.699919752207
CMTSOLUTION_200810161941A	1.19139894932	0.0222007330194	639.990478978	-0.78766914651
CMTSOLUTION_200810231004A	1.09032452208	0.0737330968154	157.071678195	0.988758622778
CMTSOLUTION_200810281600A	1.02243080292	0.0754334565657	118.193276117	0.982747268277
CMTSOLUTION_200810282309A	NOT FOUND	NOT FOUND	393.288993737	0.553152176825
CMTSOLUTION_200810291132A	NOT FOUND	NOT FOUND	311.254318445	0.358682580836
CMTSOLUTION_200810301515A	0.855508189204	0.0327832067665	63.3125006491	0.989960326363
CMTSOLUTION_200811010113A	0.887773806986	0.029771115698	136.522238134	0.983535176731
CMTSOLUTION_200811021348A	0.93493591893	0.0703935836731	140.950300929	0.988414059874
CMTSOLUTION_200811071604A	2.45049642527	0.108041176233	108.718253022	0.827157026629
CMTSOLUTION_200811100122A	NOT FOUND	NOT FOUND	372.495820263	-0.370401506927
CMTSOLUTION_200811161702A	1.00707490434	0.131482200768	7062.97520045	0.971457778869
CMTSOLUTION_200811190611A	0.934131484472	0.060688794004	163.24688681	0.987458666661
CMTSOLUTION_200811210705A	1.01168055231	0.0654814063227	46.6329485806	0.868624404763
CMTSOLUTION_200811221600A	0.455734096779	0.0424377760078	294.574772964	0.942339334657
CMTSOLUTION_200811221849A	1.05658938541	0.0834396497934	101.66130537	0.973848107742
CMTSOLUTION_200811240902A	0.368324998843	0.0189197228597	2189.35559636	0.842496456617
CMTSOLUTION_200812061055A	1.58387114233	0.0909980142837	51.2374208607	-0.974046746918
CMTSOLUTION_200812081839A	1.5360207973	0.0563919733085	266.08328472	-0.818044480316
CMTSOLUTION_200812130827A	NOT FOUND	NOT FOUND	16.6974654478	0.208565103763
CMTSOLUTION_200812172157A	0.390125476534	0.134293026409	48.9727391263	-0.749414216862
CMTSOLUTION_200812182119A	0.967117281484	0.0896317955344	92.7236508488	0.858866571714
CMTSOLUTION_200812190831A	0.960496642207	0.0560390491541	432.715708605	0.99516470575
CMTSOLUTION_200812201029A	0.989470910483	0.0747492321494	217.422623235	0.947028369034
CMTSOLUTION_200812250320A	0.985450929432	0.0627019003564	180.274348362	0.983929003474
CMTSOLUTION_200812282259A	1.05737290081	0.0839900552769	21.0399600624	0.974926865322
CMTSOLUTION_200901031943A	0.850707255327	0.0773723924418	3813.81717716	0.95655134421
CMTSOLUTION_200901032233A	1.2187147946	0.0906664466979	31.3410831407	0.924037176085
CMTSOLUTION_200901062248A	NOT FOUND	NOT FOUND	9.64597020541	0.0983577730567
CMTSOLUTION_200901081921A	1.0269689682	0.0715724026267	136.4309654	0.947970917975
CMTSOLUTION_200901130104A	1.2360155932	0.15281466847	69.7920699619	0.723042483368
CMTSOLUTION_200901151749A	1.06767471612	0.0958443208395	2237.71861303	0.979679711127
CMTSOLUTION_200901221340A	0.885247010982	0.0256118897388	63.7608976768	0.878347621271
CMTSOLUTION_200901222016A	1.07770286576	0.0240554578726	69.3680649482	0.940813266421
CMTSOLUTION_200902111734A	0.992422444579	0.135564544613	2596.19748098	0.876910336218
CMTSOLUTION_200902111825A	1.01695756646	0.121091197168	54.9903513456	0.873862590544
CMTSOLUTION_200902120349A	0.920815753445	0.0540578428494	58.7110425311	0.960311390465
CMTSOLUTION_200902120830A	1.27473202577	0.164742106771	33.6256373754	0.895202881401
CMTSOLUTION_200902121315A	0.91014252975	0.0593027942797	95.5264316887	0.889386520342
CMTSOLUTION_200902151004A	1.03868692622	0.0902708743947	57.7621059748	0.982912769846
CMTSOLUTION_200902162316A	1.07580052453	0.0379463296789	65.6332229905	0.969821392885
CMTSOLUTION_200902170528A	1.23637770649	0.103285825412	5.59480020656	0.836581654624
CMTSOLUTION_200902221745A	0.927607995034	0.133675931944	38.9952335752	0.692381560506
CMTSOLUTION_200902281433A	1.48819454646	0.0930283398286	47.9416094978	0.93481485978
CMTSOLUTION_200903061050A	0.893377608898	0.0666779950316	768.6814737	0.984285656532
CMTSOLUTION_200903122323A	1.03327671851	0.0249913725859	311.596150359	0.990848507818
CMTSOLUTION_200903161415A	1.04994500368	0.102900972089	142.493013789	0.907104858475
CMTSOLUTION_200904010355A	0.954421416853	0.071889086499	638.03224033	0.977821848911
CMTSOLUTION_200904040531A	1.01443369004	0.144780587454	177.98071577	0.920135295337
CMTSOLUTION_200904070423A	0.983311605651	0.0689878012478	1247.96074194	0.984346448333
CMTSOLUTION_200904152001A	0.972656398622	0.0237849607143	30.6773743679	0.601983783088
CMTSOLUTION_200904161457A	1.09351744991	0.0221757898437	113.089966119	0.977198524289
CMTSOLUTION_200904170208A	1.96113399086	0.0457928982044	56.597182939	-0.918673225968
CMTSOLUTION_200904181917A	0.899428078832	0.0315455655506	371.044710185	0.984321045319
CMTSOLUTION_200904190523A	1.01272033188	0.151583259393	46.7141592633	0.897673219564
CMTSOLUTION_200904210526A	0.857817062952	0.0694136613481	112.515105884	0.977686200066
CMTSOLUTION_200904251718A	1.20187047895	0.0604656094899	24.6524359784	0.977078606759
CMTSOLUTION_200904281954A	1.48150741329	0.0108444112521	18.9450064343	0.727747235948
CMTSOLUTION_200905031621A	0.811229683437	0.0631239258076	143.306100382	0.955867885538
CMTSOLUTION_200905100116A	0.988041375539	0.0724842738315	137.799282548	0.973216086746
CMTSOLUTION_200905120126A	0.942127562247	0.0639703280399	291.593059075	0.974287080395
CMTSOLUTION_200905191735A	0.86630563705	0.0788383949827	45.9222819602	0.972177830427
CMTSOLUTION_200905241617A	0.702754616974	0.0834994810657	17.9915704319	0.780352107455
CMTSOLUTION_200905280824A	1.00520471862	0.0450227711218	1456.72469726	0.946823636762
CMTSOLUTION_200906041725A	0.987575229421	0.0999095244058	154.700832038	0.946225914995
CMTSOLUTION_200906050330A	0.859389595949	0.0371991107071	683.411669232	0.963915167662
CMTSOLUTION_200906062033A	1.00676515542	0.0969550120597	15.2732319314	0.973555638994
CMTSOLUTION_200906140558A	0.860252151868	0.116210055388	150.388446255	0.887609156562
CMTSOLUTION_200906162005A	0.958633831811	0.0848623135145	181.135194834	0.966945815285
CMTSOLUTION_200906191405A	1.16904697056	0.0659473744464	124.757157267	0.951412407944
CMTSOLUTION_200906200828A	NOT FOUND	NOT FOUND	8.61881042662	0.564403417093
CMTSOLUTION_200906231419A	1.12457987109	0.15942689367	97.2640697375	0.946353025044
CMTSOLUTION_200907010930A	1.09057430599	0.0534503031827	629.816049258	0.993948606089
CMTSOLUTION_200907040649A	0.942006832732	0.0149935040061	85.0926338682	0.967397908343
CMTSOLUTION_200907061453A	0.673956409471	0.031975118893	30.3724999663	0.880687760873
CMTSOLUTION_200907071911A	0.959168273754	0.041863114561	256.262209639	0.995593869936
CMTSOLUTION_200907081923A	0.763534331667	0.0471963872539	65.1062063061	0.958326844537
CMTSOLUTION_200907120612A	NOT FOUND	NOT FOUND	17.5961868197	0.559370975622
CMTSOLUTION_200907131805A	1.01957512774	0.101710014621	178.679197219	0.96466772799
CMTSOLUTION_200907300737A	NOT FOUND	NOT FOUND	10.6280580215	0.327970072457
CMTSOLUTION_200908020854A	1.18549207929	0.121991383431	27.4434823767	0.880742263828
CMTSOLUTION_200908031800A	1.49904288258	0.170941020299	586.709578939	0.820764809571
CMTSOLUTION_200908031840A	1.56880280934	0.177491860914	512.450016777	0.835848725723
CMTSOLUTION_200908050018A	0.936590613868	0.0908501894024	98.0731862194	0.974637761343
CMTSOLUTION_200908091055A	0.588305388795	0.0317879064093	652.893192198	0.834718626723
CMTSOLUTION_200908100406A	1.01364839689	0.0985946264891	43.6795630503	0.755018542126
CMTSOLUTION_200908101955A	0.891178950409	0.0481172238494	7198.92181702	0.986214580257
CMTSOLUTION_200908122248A	0.959390027785	0.0698135344123	1141.85005934	0.985767240609
CMTSOLUTION_200908160738A	DiffNPTS	DiffNPTS	DiffDelta	DiffNPTS
CMTSOLUTION_200908170005A	NOT FOUND	NOT FOUND	18816.4930476	-0.5626401874
CMTSOLUTION_200908171011A	1.19519904137	0.135299576385	140.639667847	0.878869659605
CMTSOLUTION_200908200635A	0.980111657137	0.0542927261548	446.818119175	0.991874041331
CMTSOLUTION_200908280151A	1.40971073424	0.488718800577	396.627012888	0.641133396229
CMTSOLUTION_200908280152A	1.37253458719	0.333134627851	452.731173755	0.801256251911
CMTSOLUTION_200909020755A	2.16529146683	0.0622738170552	2132.98646586	-0.884617779362
CMTSOLUTION_200909031326A	1.0470256141	0.0708976493777	74.0103998987	0.987221304629
CMTSOLUTION_200909062149A	0.841850407037	0.115958037742	203.700200646	0.834495347903
CMTSOLUTION_200909071612A	2.19100868648	0.0165811944168	65.3626509847	-0.747446622709
CMTSOLUTION_200909072241A	NOT FOUND	NOT FOUND	105.50853383	0.318751308421
CMTSOLUTION_200909122006A	1.02102778265	0.0642601459744	544.269910429	0.98984009335
CMTSOLUTION_200909172321A	0.820902604127	0.0441337485321	255.633038651	0.976824872558
CMTSOLUTION_200909210853A	0.920981015225	0.132259210254	95.3477530727	0.92447026245
CMTSOLUTION_200909240716A	0.960031340943	0.0998349691242	121.757948851	0.944835624348
CMTSOLUTION_200909301016A	2.15880695356	0.0310546921973	6227.19299296	-0.947568309128
CMTSOLUTION_200910010152A	1.19951309015	0.151626262167	569.69900285	0.908377662938
CMTSOLUTION_200910041058A	1.10744218744	0.0279960071609	106.567444663	-0.717582855827
CMTSOLUTION_200911280604A	0.961664693603	0.123687668602	100.71546452	0.91529315591
CMTSOLUTION_200911281810A	0.786186544433	0.102302092089	25.7438151548	0.864040675865
CMTSOLUTION_200912091600A	0.901606028711	0.0613830959482	526.982952148	0.989128251261
CMTSOLUTION_200912100230A	2.01636671868	0.116871593745	65.1312824893	-0.830158023592
CMTSOLUTION_200912170137A	NOT FOUND	NOT FOUND	711.305476853	0.0896542591934
CMTSOLUTION_200912171455A	NOT FOUND	NOT FOUND	91.9440984495	0.108998607161
CMTSOLUTION_200912191302A	1.08427598122	0.0822703423287	208.950651087	0.89878467079
CMTSOLUTION_200912192319A	1.03541798529	0.0731310064521	108.644315555	0.982623765788
CMTSOLUTION_200912240023A	1.49318707009	0.140710018448	59.728737027	-0.844207204159
CMTSOLUTION_200912260857A	1.05016638942	0.0537215396743	58.9357567194	0.957876577246
CMTSOLUTION_201001020845A	0.917305432853	0.0152412554792	109.596552338	0.97489228487
CMTSOLUTION_201001032148A	0.78773344058	0.0828647519335	466.982891673	0.766299967123
CMTSOLUTION_201001032236A	0.760712535456	0.0737755563554	1007.78232008	0.753705644631
CMTSOLUTION_201001050455A	0.956296355335	0.0596776514045	893.837514438	0.976637329093
CMTSOLUTION_201001051215A	0.705477488067	0.0720451691841	294.956362076	0.605025901463
CMTSOLUTION_201001051311A	0.722189809739	0.0489697076928	70.1141779396	0.656414959546
CMTSOLUTION_201001090551A	NOT FOUND	NOT FOUND	17.9862368832	-0.0334859585628
CMTSOLUTION_201001171200A	0.849222885601	0.07940965933	46.7533306713	0.986872912266
CMTSOLUTION_201001181556A	NOT FOUND	NOT FOUND	115.647581684	-0.342747777474
CMTSOLUTION_201001220046A	0.786314639062	0.0749519399639	30.1629902328	0.788237135251
CMTSOLUTION_201002012228A	1.57896493499	0.010239282126	48.6291765027	-0.789875740138
CMTSOLUTION_201002050659A	NOT FOUND	NOT FOUND	119.329121953	0.479344449465
CMTSOLUTION_201002060444A	0.883949722247	0.0832904974917	68.9830354542	0.941266637815
CMTSOLUTION_201002070610A	1.14222918507	0.142698502073	152.680630597	0.862638435098
CMTSOLUTION_201002112156A	NOT FOUND	NOT FOUND	105.168895111	-0.288521860512
CMTSOLUTION_201002152151A	1.0456683894	0.0851411978818	163.085267135	0.928736564888
CMTSOLUTION_201002180113A	NOT FOUND	NOT FOUND	486.108876069	0.371975983755
CMTSOLUTION_201002231025A	NOT FOUND	NOT FOUND	21.1610031159	-0.133069065119
CMTSOLUTION_201002262031A	0.939417587068	0.0848517756135	4790.61043953	0.984097130273
CMTSOLUTION_201002271545A	NOT FOUND	NOT FOUND	3.36182383109	-0.363980142133
CMTSOLUTION_201002271900A	0.862402659865	0.0217189634286	7.45889291205	0.811433640331
CMTSOLUTION_201002281125A	0.93832296146	0.0382575081729	71.7370384757	0.979917222668
CMTSOLUTION_201003031744A	NOT FOUND	NOT FOUND	18.491800464	0.439741041443
CMTSOLUTION_201003040018A	1.13763382095	0.0780316045053	120.347222198	0.87616795826
CMTSOLUTION_201003040159A	1.15597764226	0.0892674653201	14.3881192768	0.956051601764
CMTSOLUTION_201003042239A	1.06116844094	0.0923844558507	168.372682396	0.978840046141
CMTSOLUTION_201003050919A	0.90417543729	0.025970722733	13.599771276	0.914396952846
CMTSOLUTION_201003051147A	0.876190409431	0.082643502475	98.7345874288	0.955384177335
CMTSOLUTION_201003051606A	0.789173802393	0.0231843351099	80.8367529804	0.701076748454
CMTSOLUTION_201003070705A	0.803283907396	0.0448639166369	41.6150238759	0.939463292674
CMTSOLUTION_201003080232A	1.14751050827	0.0702283458932	322.757116574	0.924239101622
CMTSOLUTION_201003080747A	1.11513722273	0.0646291629121	61.9716946589	0.929916362273
CMTSOLUTION_201003080947A	NOT FOUND	NOT FOUND	13.4459464253	-0.366560210263
CMTSOLUTION_201003081112A	NOT FOUND	NOT FOUND	28.3398671638	-0.0694985811116
CMTSOLUTION_201003111439A	1.00934545252	0.031426162622	2932.56202121	0.988864475603
CMTSOLUTION_201003111455A	1.00734019561	0.0306308024982	3156.73226437	0.986649772947
CMTSOLUTION_201003140057A	NOT FOUND	NOT FOUND	101.995791277	0.59421856399
CMTSOLUTION_201003140808A	0.75252052742	0.0662158591657	438.823763753	0.962174685381
CMTSOLUTION_201003151108A	1.10864241439	0.0273454590099	38.0387834988	0.979295004032
CMTSOLUTION_201003160221A	0.97491646824	0.044995568345	237.575069192	0.960141521434
CMTSOLUTION_201003201400A	0.589373739445	0.0628326340469	191.823239718	0.945243986979
CMTSOLUTION_201003241411A	1.03394343571	0.0298882851837	9.55963243031	0.821594584528
CMTSOLUTION_201003250529A	0.997655164327	0.117066496551	28.3152806937	0.968385705727
CMTSOLUTION_201003261452A	1.91074034708	0.0171936240218	23.9937455498	-0.903692298221
CMTSOLUTION_201003282138A	1.13209487243	0.053166142615	10.7151748554	0.978743660771
CMTSOLUTION_201003301654A	0.930799383724	0.0264215630766	381.571610444	0.988929484309
CMTSOLUTION_201004022258A	1.13663545596	0.0294101596784	27.4794273956	0.968964703417
CMTSOLUTION_201004042240A	0.92223516706	0.0353286578722	1873.70441632	0.977802545563
CMTSOLUTION_201004051005A	4.13547604558	0.306293020024	66.3010435381	-0.787971237778
CMTSOLUTION_201004062215A	1.31047467632	0.0719743448743	7232.16316803	0.770308836481
CMTSOLUTION_201004071433A	NOT FOUND	NOT FOUND	25.734233304	-0.164663731661
CMTSOLUTION_201004110940A	2.05775013724	0.0362047917449	188.750790954	0.94225546338
CMTSOLUTION_201004112208A	NOT FOUND	NOT FOUND	105.798676148	0.45373481738
CMTSOLUTION_201004132349A	1.37322482059	0.144102986692	3683.46870079	0.894077827931
CMTSOLUTION_201004140125A	NOT FOUND	NOT FOUND	6.3111589597	0.495434627696
CMTSOLUTION_201004172315A	1.06866346324	0.067000369199	180.935576729	0.981085893239
CMTSOLUTION_201004231003A	0.841258004052	0.0563353915542	59.9399371304	0.982368047889
CMTSOLUTION_201004240741A	0.946012131754	0.0291836982485	41.7309972424	0.965417163453
CMTSOLUTION_201004260259A	1.0361246898	0.183331943706	427.111342787	0.88914068125
CMTSOLUTION_201004302311A	0.881012851084	0.0564319540791	1869.3763054	0.992706216956
CMTSOLUTION_201004302316A	0.88330137886	0.0550908528165	1908.07040351	0.990905184705
CMTSOLUTION_201005031027A	0.919801710129	0.0759617286993	101.854076411	0.985250801332
CMTSOLUTION_201005032309A	0.920086820562	0.112668679256	57.927924927	0.928021943985
CMTSOLUTION_201005051629A	0.808368941495	0.0578092383375	72.6022783992	0.738724802612
CMTSOLUTION_201005060242A	1.86192735362	0.0851794811425	94.9879259849	-0.897561117981
CMTSOLUTION_201005090559A	1.62726378229	0.0630091437341	2198.00027473	0.700987503987
CMTSOLUTION_201005141229A	0.990901809763	0.00598013287212	10.8898246755	0.902954154557
CMTSOLUTION_201005160652A	NOT FOUND	NOT FOUND	9.79051246165	0.490959982232
CMTSOLUTION_201005190415A	1.0118785261	0.0857526278651	74.2931949012	0.961932137112
CMTSOLUTION_201005232246A	0.99667894401	0.0762962523177	153.86723973	0.972185254247
CMTSOLUTION_201005241618A	2.37740880356	0.189544063948	124.374421686	0.677283726039
CMTSOLUTION_201005251009A	1.02543932368	0.0661810947457	705.023009005	0.98405709213
CMTSOLUTION_201005260853A	1.02589762303	0.0668002213516	1136.66830243	0.991776412597
CMTSOLUTION_201005311951A	0.946426403268	0.0125223227784	657.218563019	0.992968455575
CMTSOLUTION_201006010326A	0.848280452958	0.0572259484821	111.246460559	0.991393312674
CMTSOLUTION_201006121926A	1.33999165631	0.0455604636103	14972.9927302	0.913006042895
CMTSOLUTION_201006160306A	1.00291370863	0.109431084771	1377.42696508	0.964048307913
CMTSOLUTION_201006160316A	0.997543226147	0.107498215369	1358.10368485	0.964576506933
CMTSOLUTION_201006160358A	0.998792448721	0.111674907013	553.00865864	0.967496842144
CMTSOLUTION_201006180223A	0.799733681181	0.00481873460604	169.462888861	0.985326777801
CMTSOLUTION_201006240532A	0.89334977992	0.00754201846191	49.3747929523	-0.697897665512
CMTSOLUTION_201006260530A	1.27201682859	0.0863581057819	711.686634519	0.983001688027
CMTSOLUTION_201006300722A	0.956304500111	0.0479517906743	58.0934549502	0.988587439059
CMTSOLUTION_201007042155A	0.8365777878	0.0514798995826	35.6891608266	0.955379723423
CMTSOLUTION_201007101143A	0.975528051582	0.0391048685514	335.387480884	0.994815703749
CMTSOLUTION_201007120011A	1.05442319478	0.0754063042193	448.65195877	0.992632869783
CMTSOLUTION_201007140832A	0.866195585903	0.0947871892039	166.490630463	0.946170014008
CMTSOLUTION_201007161853A	NOT FOUND	NOT FOUND	10.1801082029	0.575108929438
CMTSOLUTION_201007180556A	0.962175491925	0.0414242589667	453.286464063	0.981105213211
CMTSOLUTION_201007181304A	0.878867428108	0.0500164714711	2809.24197718	0.953992215177
CMTSOLUTION_201007181335A	0.882513135565	0.0501792769989	3361.87502992	0.914698947108
CMTSOLUTION_201007181948A	0.889609080112	0.0514293360015	14.6376832195	0.991043276584
CMTSOLUTION_201007201918A	0.847392258325	0.055126522421	296.080619645	0.915769324214
CMTSOLUTION_201007210916A	0.936928632708	0.0656592421302	118.526917779	0.984704917807
CMTSOLUTION_201007232208A	0.605801269005	0.0368172876652	1987.58803297	0.80039985695
CMTSOLUTION_201007232251A	0.610461328954	0.0411813870112	196.653879233	0.771115243371
CMTSOLUTION_201007232315A	0.610664602766	0.0413041862498	20.2986500988	0.756076916291
CMTSOLUTION_201007240535A	0.59056954115	0.0613500272191	7.19819557512	0.64569097394
CMTSOLUTION_201007290731A	NOT FOUND	NOT FOUND	115.579784026	-0.501869388579
CMTSOLUTION_201007300356A	0.9150842103	0.0986130028359	227.891710203	0.935676510098
CMTSOLUTION_201008031208A	3.68035292565	0.308080497144	153.76619287	-0.899084117992
CMTSOLUTION_201008040715A	1.10935742822	0.136774335556	171.528993638	0.974412306393
CMTSOLUTION_201008041258A	0.856014621724	0.0636239434049	326.420525795	0.987163815831
CMTSOLUTION_201008042201A	0.91376619475	0.0533870639189	1783.33999392	0.897570309483
CMTSOLUTION_201008121154A	1.04855556336	0.0827926840532	3083.99639137	0.97843377509
CMTSOLUTION_201008132119A	0.93342273791	0.0214720949474	3013.83895522	0.970172007181
CMTSOLUTION_201008140730A	0.927262112229	0.0444043333828	331.661088902	0.968988865946
CMTSOLUTION_201008142301A	0.903120882256	0.0354430576624	431.067688893	0.973641415282
CMTSOLUTION_201008151509A	0.808616498942	0.0365308297198	65.1034966509	0.964766434351
CMTSOLUTION_201008160330A	0.986392541007	0.131518838514	152.747888588	0.868020222985
CMTSOLUTION_201008181628A	0.896872752877	0.0393298704716	280.043543058	0.978458215735
CMTSOLUTION_201008201756A	NOT FOUND	NOT FOUND	22.305795796	0.12490420226
CMTSOLUTION_201008221023A	NOT FOUND	NOT FOUND	27.6073619766	0.0484049278057
CMTSOLUTION_201008240212A	0.936523371946	0.0954849753986	37.5857727338	0.974217160646
CMTSOLUTION_201009031116A	0.878183300594	0.0713669936923	396.016330005	0.976690415274
CMTSOLUTION_201009090728A	0.871147603315	0.144110475979	35.4218069917	0.922787158146
CMTSOLUTION_201009171921A	0.979785150368	0.0520954063448	23.6047452906	0.978144512103
CMTSOLUTION_201009261212A	0.89385908296	0.0721022540818	30.850695281	0.951831349956
CMTSOLUTION_201009270008A	0.863456618288	0.0697800616946	61.1580863961	0.974335109561
CMTSOLUTION_201009291711A	0.788954762611	0.0445152790278	1793.78038109	0.983505255956
CMTSOLUTION_201010031521A	0.366956232901	0.0087112254772	15.1360348992	-0.751775523127
CMTSOLUTION_201010041328A	1.0060918932	0.0481735257686	32.2073524406	0.89000281263
CMTSOLUTION_201010080326A	0.927291505579	0.0666176976281	821.617858038	0.989478585645
CMTSOLUTION_201010080349A	0.926508118309	0.0675134128779	843.004464889	0.994136630221
CMTSOLUTION_201010080543A	0.974007315834	0.0767015890959	23.7282563484	0.982064082845
CMTSOLUTION_201010211753A	1.69204531847	0.0329566967971	582.917985536	0.822261917459
CMTSOLUTION_201010251442A	0.896399613266	0.122384176675	1328.10976814	0.827433041918
CMTSOLUTION_201010251937A	0.706066266496	0.0420141430176	4.91302668499	0.740872250531
CMTSOLUTION_201011030056A	0.700238613353	0.168358531657	39.6852430105	0.795444759029
CMTSOLUTION_201011030251A	1.08085369481	0.0432352580151	63.1024696565	0.981984356737
CMTSOLUTION_201011031118A	0.985306869142	0.0973512992179	36.6040729686	0.966501120382
CMTSOLUTION_201011031813A	0.661512561432	0.132556888614	21.8070776228	0.717554270903
CMTSOLUTION_201011100405A	NOT FOUND	NOT FOUND	114.565866539	0.393921121339
CMTSOLUTION_201011230901A	0.727946825056	0.0429995584085	105.987974366	0.975936871362
CMTSOLUTION_201011300324A	1.87595104903	0.0609943744606	110.855664703	-0.813896614622
CMTSOLUTION_201012020312A	1.09993716664	0.077745595441	472.202747967	0.974850121476
CMTSOLUTION_201012080524A	1.04123440134	0.0685824311822	98.7564622534	0.985125444584
CMTSOLUTION_201012130114A	1.01749507652	0.0674833469899	68.3973368363	0.676826299967
CMTSOLUTION_201012151129A	0.809628466812	0.0354308640192	50.9433947986	0.950879008336
CMTSOLUTION_201012201841A	1.02947611513	0.198039850812	544.478892655	0.948738938658
CMTSOLUTION_201012211719A	NOT FOUND	NOT FOUND	2164.72319384	0.571763119182
CMTSOLUTION_201012222149A	0.794396801205	0.118448731896	40.3637044907	0.619038903026
CMTSOLUTION_201012231400A	1.04464431539	0.0545426926791	283.708668777	0.944223874763
CMTSOLUTION_201101010956A	0.834841732943	0.0193238465825	769.743729538	-0.90415553262
CMTSOLUTION_201101022020A	0.880275715989	0.0696844911341	670.325571748	0.982557941092
CMTSOLUTION_201101122132A	1.24468037055	0.0464674105131	54.5620213543	-0.71887969199
CMTSOLUTION_201101171920A	1.35539800632	0.313812733341	24.5215064822	0.824220471022
CMTSOLUTION_201101182023A	0.877810982278	0.0622157091667	33169.5356619	0.990886243768
CMTSOLUTION_201101190917A	NOT FOUND	NOT FOUND	6.31157030616	-0.286677446411
CMTSOLUTION_201101240245A	0.929067060157	0.0779752631193	85.0831843947	0.988495245636
CMTSOLUTION_201101261542A	1.33988073311	0.0218469109613	51.3518880983	0.64486913751
CMTSOLUTION_201101270838A	1.09344557212	0.230167845044	519.071668974	0.93740391388
CMTSOLUTION_201101290655A	0.886359001483	0.0610410952065	1128.23338526	0.988123850083
CMTSOLUTION_201102041353A	0.861143055321	0.0677690596707	281.478237037	0.966180824547
CMTSOLUTION_201102071953A	1.06778930348	0.0994481140722	45.2788878971	0.93088121063
CMTSOLUTION_201102101439A	1.85183472789	0.15457631082	244.067695668	-0.921284314925
CMTSOLUTION_201102101441A	1.8528217977	0.150767832133	309.848643018	-0.92349207002
CMTSOLUTION_201102112005A	0.912883333432	0.0509645324103	517.154771579	0.943906477253
CMTSOLUTION_201102112339A	0.851682815161	0.0813259991013	4.70737543131	0.901391531723
CMTSOLUTION_201102120117A	0.861617796649	0.0942308724383	17.3368589798	0.906051436811
CMTSOLUTION_201102140340A	NOT FOUND	NOT FOUND	31.1608985048	0.220645902472
CMTSOLUTION_201102151333A	NOT FOUND	NOT FOUND	162.320493227	-0.0784355064489
CMTSOLUTION_201102202143A	0.893666331594	0.0628358469325	148.699903272	0.993850645948
CMTSOLUTION_201102251307A	0.865599962284	0.0475578978789	74.1238496685	0.995616999713
CMTSOLUTION_201103010053A	0.710873823199	0.0508979131392	30.4859688373	0.970769865172
CMTSOLUTION_201103061231A	1.01690417653	0.0807502933167	69.8523243932	0.948146902739
CMTSOLUTION_201103061432A	1.01990076263	0.0693965750226	23.720301808	0.991270970547
CMTSOLUTION_201103070009A	1.42123356174	0.100990873151	119.931490991	0.927995362495
CMTSOLUTION_201103090245A	0.776299168958	0.0676630929089	7677.47332113	0.953935426721
CMTSOLUTION_201103091816A	NOT FOUND	NOT FOUND	10.6015320713	-0.138546012955
CMTSOLUTION_201103092124A	NOT FOUND	NOT FOUND	230.036878382	-0.0887462787471
CMTSOLUTION_201103092124B	NOT FOUND	NOT FOUND	222.705309446	-0.0815141912084
CMTSOLUTION_201103101708A	2.87533142199	0.808750711599	100.325379778	-0.701257873667
CMTSOLUTION_201103110546A	0.776539160957	0.117169985749	303105.717965	0.911332818595
CMTSOLUTION_201103110615A	0.786290503504	0.119147674355	7026.17451622	0.8449623229
CMTSOLUTION_201103110625A	0.778425228516	0.111658581544	142.599265626	0.928420895945
CMTSOLUTION_201103111859A	0.92969437182	0.083299176047	18.0975636246	0.979351088993
CMTSOLUTION_201103111902A	0.903338242248	0.0758320382173	18.9516662006	0.967102961448
CMTSOLUTION_201103111946A	0.917905859678	0.0829703954026	22.2353863166	0.980019162742
CMTSOLUTION_201103112011A	0.908651215169	0.0808715449934	9.09959481005	0.979226082742
CMTSOLUTION_201103120147A	0.873994880831	0.0676593875402	145.763803755	0.984371172384
CMTSOLUTION_201103121315A	0.789204100316	0.052639349811	175.648825263	0.987863984415
CMTSOLUTION_201103130126A	0.903301701518	0.0611083088154	76.3276055892	0.990448329926
CMTSOLUTION_201103140612A	0.758991596334	0.107438788641	58.2825398374	0.945814683235
CMTSOLUTION_201103151327A	0.945866866109	0.0549113581115	79.7269191439	0.985774511912
CMTSOLUTION_201103151331A	0.949878906055	0.0597594794027	100.524935048	0.968467491419
CMTSOLUTION_201103151523A	0.808362676736	0.0382319641825	33.4762402856	0.956133150369
CMTSOLUTION_201103170413A	0.89859506583	0.0494998661258	22.9789942955	0.973493818683
CMTSOLUTION_201103200826A	1.08034553154	0.104123564569	37.4553807278	0.966283743637
CMTSOLUTION_201103220718A	0.925199274253	0.0527409843969	791.581988186	0.989462505876
CMTSOLUTION_201103220919A	0.891283202081	0.133274741281	25.8337209442	0.926431978108
CMTSOLUTION_201103220944A	0.905209072389	0.106636616511	60.1013234715	0.946527461986
CMTSOLUTION_201103241355A	NOT FOUND	NOT FOUND	3302.69455703	-0.530838138457
CMTSOLUTION_201103251136A	0.786293176844	0.0519335655464	204.858290086	0.963280178062
CMTSOLUTION_201103272223A	0.792605669417	0.0903618647311	177.005343409	0.938403507925
CMTSOLUTION_201103291054A	1.01626242431	0.0154249771789	182.834862863	0.976779612613
CMTSOLUTION_201103310715A	0.800803365614	0.0519842206313	98.8533126928	0.96387342203
CMTSOLUTION_201104011329A	0.852361023749	0.045581509097	69.5396029865	0.922456728505
CMTSOLUTION_201104032006A	1.23456535242	0.101899479751	299.538019065	0.806620417843
CMTSOLUTION_201104071311A	NOT FOUND	NOT FOUND	4930.0191212	-0.471018613104
CMTSOLUTION_201104071432A	0.967418835229	0.0430222335492	49.6559561816	0.975452279282
CMTSOLUTION_201104091257A	1.06573267818	0.0171819434552	55.9166956418	0.982221810986
CMTSOLUTION_201104110816A	0.963846106914	0.0510467592595	1434.03617763	0.981750647537
CMTSOLUTION_201104112308A	1.02427899879	0.0195423049862	228.131774826	0.964157549908
CMTSOLUTION_201104131957A	0.824408436912	0.0607258295247	107.741460632	0.942127059423
CMTSOLUTION_201104211337A	0.760660828933	0.0557299745977	76.77390493	0.926270770238
CMTSOLUTION_201104230416A	0.590854361843	0.0389155360305	2258.66521714	0.977555411147
CMTSOLUTION_201104231012A	0.850885889317	0.0700435142944	15.3590451087	0.94700881528
CMTSOLUTION_201104242307A	NOT FOUND	NOT FOUND	968.766656524	0.0528508891354
CMTSOLUTION_201104300819A	1.00722289516	0.0597458107362	119.398868536	0.994347070609
CMTSOLUTION_201105061620A	0.92139422639	0.0743383819744	24.0479375183	0.971451677571
CMTSOLUTION_201105080650A	1.17639938598	0.0207808621503	49.5585456561	0.989173522116
CMTSOLUTION_201105111647A	2.27587282581	0.408677148866	61.6500120633	0.845186406264
CMTSOLUTION_201105132247A	NOT FOUND	NOT FOUND	176.35683097	0.0840763655118
CMTSOLUTION_201105132335A	0.749197072246	0.0689043734131	53.3203521561	0.979555706565
CMTSOLUTION_201105142107A	NOT FOUND	NOT FOUND	325.512233335	0.0336301421837
CMTSOLUTION_201105151308A	0.942134548071	0.0578387032365	161.303663452	0.99365662576
CMTSOLUTION_201105151837A	0.990756901597	0.113753111158	51.0994132734	0.908075812735
CMTSOLUTION_201105192015A	1.46055977013	0.18524195226	102.6657914	0.887050952655
CMTSOLUTION_201105280547A	10.4614661764	0.453898087733	20.9054709841	-0.911868788217
CMTSOLUTION_201106011255A	0.874916245649	0.0569599521178	97.1502961556	0.965614237934
CMTSOLUTION_201106030005A	0.927604725026	0.0794092373936	312.013493322	0.978911681247
CMTSOLUTION_201106131431A	1.03530395604	0.116275761434	284.39663379	0.821800275171
CMTSOLUTION_201106160003A	1.0340283708	0.018165347817	1844.1062773	0.993520887861
CMTSOLUTION_201106201635A	1.07253745161	0.0667892196815	705.758415828	0.994076277817
CMTSOLUTION_201106210204A	1.46413062224	0.318666840992	41.6994155632	0.76968941647
CMTSOLUTION_201106222150A	0.943563725624	0.0436688891682	793.309054948	0.974104186034
CMTSOLUTION_201106230734A	NOT FOUND	NOT FOUND	2709.00738994	-0.0600590204064
CMTSOLUTION_201106240309A	0.945583064503	0.0613102435103	16952.8066448	0.993903267896
CMTSOLUTION_201106261216A	1.01764369467	0.135862804158	244.833958183	0.9503922981
CMTSOLUTION_201107100057A	NOT FOUND	NOT FOUND	529.053505644	0.429853005191
CMTSOLUTION_201107112047A	0.929865086318	0.0649828225043	440.535601018	0.932601437425
CMTSOLUTION_201107151326A	NOT FOUND	NOT FOUND	29.4079515277	0.446988362258
CMTSOLUTION_201107160026A	NOT FOUND	NOT FOUND	42.6984482503	-0.407920035563
CMTSOLUTION_201107161959A	0.951707428281	0.00601454372162	34.4094767132	-0.936328743512
CMTSOLUTION_201107190713A	NOT FOUND	NOT FOUND	14.2224794597	0.182478110984
CMTSOLUTION_201107191935A	1.82721681481	0.0783724281308	72.8534210341	-0.776724761846
CMTSOLUTION_201107202204A	0.879649225951	0.0636853900259	38.1954640023	0.859078055895
CMTSOLUTION_201107230434A	0.794625323163	0.0539462345936	238.13192161	0.955997038515
CMTSOLUTION_201107241851A	0.778074474471	0.0485391331144	307.678906135	0.973147027718
CMTSOLUTION_201107250050A	0.985214275738	0.0452385232585	725.461224756	0.983846167803
CMTSOLUTION_201107251757A	NOT FOUND	NOT FOUND	55.2585590587	-0.438956802547
CMTSOLUTION_201107261744A	NOT FOUND	NOT FOUND	29.3769764301	0.27350459569
CMTSOLUTION_201107301853A	NOT FOUND	NOT FOUND	1101.27751312	-0.252749750887
CMTSOLUTION_201107312338A	1.04171621273	0.0421963231476	1799.84641896	0.986045118415
CMTSOLUTION_201108041351A	1.05283598395	0.047635596231	97.374619032	0.990466634568
CMTSOLUTION_201108071435A	1.08542657927	0.1303714596	6.4287042737	0.881957046706
CMTSOLUTION_201108102345A	1.14661974631	0.0388111496114	372.698125969	0.987437865962
CMTSOLUTION_201108161103A	0.949234810224	0.0337078906103	60.6419929561	0.817320519481
CMTSOLUTION_201108171144A	0.903269785949	0.0551866002206	337.938032251	0.986236526819
CMTSOLUTION_201108190536A	1.60531670012	0.00301632202613	18.6407940119	-0.9274233622
CMTSOLUTION_201108222012A	1.69904069142	0.111854858323	33.4206619056	-0.966871608633
CMTSOLUTION_201108241746A	0.869306048383	0.0304178994969	1317.58974683	0.990913831277
CMTSOLUTION_201108300657A	NOT FOUND	NOT FOUND	367.114655405	0.586430735464
CMTSOLUTION_201108311217A	0.922088323778	0.0822001222097	37.9159575921	0.969941453642
CMTSOLUTION_201109021055A	0.995712813784	0.0656434888727	1913.47828079	0.984961474772
CMTSOLUTION_201109021347A	1.05138040069	0.0351164231157	14.4197633775	-0.750359764632
CMTSOLUTION_201109030449A	1.01485821854	0.0717132162124	497.025527685	0.984251660745
CMTSOLUTION_201109051755A	1.1551069129	0.235016485838	333.183148601	0.885210042383
CMTSOLUTION_201109091941A	0.880574360535	0.0536589110234	1027.49912453	0.992254590006
CMTSOLUTION_201109141810A	0.66799561236	0.139504744014	49.737916004	0.63692088605
CMTSOLUTION_201109150800A	0.990548506365	0.154260303412	179.812267183	0.930749561386
CMTSOLUTION_201109161926A	0.863248996401	0.0215284268126	881.816693667	0.965003495225
CMTSOLUTION_201109162108A	1.0703922934	0.0298315000896	6.15325999422	0.89350799862
CMTSOLUTION_201109181240A	1.09418524984	0.202567343682	1197.83754182	0.774371984902
CMTSOLUTION_201109220322A	1.01994812728	0.0776462844542	188.007592307	0.954695758884
CMTSOLUTION_201110052352A	0.888924369249	0.0627972747158	230.377087022	0.987048502145
CMTSOLUTION_201110060003A	0.882694767565	0.063462038587	268.772421715	0.984577449646
CMTSOLUTION_201110060039A	0.881748404429	0.0591056619367	27.7896974164	0.990950710355
CMTSOLUTION_201110130316A	1.48251422737	0.0504548996834	94.7146684188	0.94936017069
CMTSOLUTION_201110140335A	0.803036519438	0.0900580742238	459.043532529	0.903903090984
CMTSOLUTION_201110140610A	0.975879655179	0.0610041402087	24.4315336751	0.974894857426
CMTSOLUTION_201110180505A	0.945764018855	0.0404307008802	130.553560885	0.969007983245
CMTSOLUTION_201110210802A	0.936857602731	0.0653647684511	187.516334086	0.957279115014
CMTSOLUTION_201110231041A	0.898266956523	0.129050887623	17849.8641362	0.925498042848
CMTSOLUTION_201110231810A	0.868832886254	0.1297617618	35.3824569102	0.975603785466
CMTSOLUTION_201110232045A	0.903013760533	0.126288041145	115.550963655	0.939379809253
CMTSOLUTION_201110251455A	0.90311106365	0.163507668991	53.7061677125	0.919848442552
CMTSOLUTION_201110270804A	0.563600954232	0.0455180046102	5.91723126256	-0.72030899894
CMTSOLUTION_201110281854A	1.66762165288	0.093108907165	1594.51794152	-0.921771552323
CMTSOLUTION_201110292224A	NOT FOUND	NOT FOUND	10.5200929209	-0.508237617598
CMTSOLUTION_201111011232A	NOT FOUND	NOT FOUND	74.3035669158	0.554920941783
CMTSOLUTION_201111072235A	0.93334575735	0.0475334210246	72.8281423833	0.990443094797
CMTSOLUTION_201111080259A	0.95628257002	0.0681367868426	1846.96922757	0.961549922123
CMTSOLUTION_201111082205A	0.558682318015	0.029495085971	10.4221080028	-0.88674382839
CMTSOLUTION_201111091923A	1.05120729163	0.112026855153	168.603960927	0.924883126377
CMTSOLUTION_201111140405A	1.33605046367	0.00410753873665	229.973162522	0.943213578117
CMTSOLUTION_201111142208A	1.0294670636	0.239803785658	8.35195409954	0.681798631044
CMTSOLUTION_201111170157A	0.856442694639	0.0551106893721	102.864639378	0.66752412606
CMTSOLUTION_201111180600A	0.989940659278	0.0800974614092	66.0925519399	0.975291164361
CMTSOLUTION_201111221848A	1.48998241907	0.122692362384	179.309453949	-0.820293394936
CMTSOLUTION_201111231217A	1.06329535039	0.0513127378302	73.6131262428	0.99442737325
CMTSOLUTION_201111231924A	0.745528085849	0.0633090100229	90.1520002967	0.980542003693
CMTSOLUTION_201111241025A	0.93774372367	0.0139635968793	30.2994895096	0.98781306998
CMTSOLUTION_201111281226A	1.73245273395	0.0755138078198	54.1826209282	-0.807897472818
CMTSOLUTION_201111300027A	0.920953846149	0.0758076406476	120.60396676	0.93751877224
CMTSOLUTION_201111300047A	0.902219486014	0.0765478523521	118.082385738	0.788842497912
CMTSOLUTION_201112012135A	0.83735387904	0.0730458280867	12.0579589729	0.923801418255
CMTSOLUTION_201112072223A	1.04912416787	0.0683479571218	35.727658412	0.939109616185
CMTSOLUTION_201112110147A	0.922236751933	0.0677258491289	276.418254099	0.976728494503
CMTSOLUTION_201112110954A	1.02507810403	0.0565877186681	309.524450683	0.992297711936
CMTSOLUTION_201112130752A	0.992926835461	0.0440449283232	64.6409162953	0.982379984533
CMTSOLUTION_201112140504A	1.07548885642	0.0824138099718	705.677499052	0.95715625299
CMTSOLUTION_201112271521A	0.929412949438	0.0578294456395	2583.62698931	0.984720678115
CMTSOLUTION_201201010527A	0.511227273364	0.0117825015265	265.117019915	0.785859574121
CMTSOLUTION_201201101837A	0.872399566465	0.0534286977452	6728.48830543	0.961095425099
CMTSOLUTION_201201151340A	0.898105967779	0.0533847224181	142.978788931	0.708463842572
CMTSOLUTION_201201151421A	0.890908236898	0.04286735159	179.62839673	0.617771464651
CMTSOLUTION_201201211847A	0.957998213539	0.0102882973732	86.0113961732	0.989044616468
CMTSOLUTION_201201231604A	0.933605123459	0.045771241538	50.0046063983	0.967364787989
CMTSOLUTION_201201260424A	NOT FOUND	NOT FOUND	157.702841466	-0.0557222763688
CMTSOLUTION_201201270133A	1.08690969961	0.0359720259341	80.8963861078	0.979129423959
CMTSOLUTION_201201300511A	1.76193126199	0.0971707594347	314.169599025	-0.92637482546
CMTSOLUTION_201202061010A	0.979787670056	0.0202970789893	9.86402957693	0.966082815331
CMTSOLUTION_201202140134A	NOT FOUND	NOT FOUND	24.8278433274	-0.354257950124
CMTSOLUTION_201202140819A	0.638748983685	0.0720043084742	148.010296749	0.905176192433
CMTSOLUTION_201202260617A	0.777552283127	0.0875111018888	1107.29207307	0.971013600034
CMTSOLUTION_201203040331A	NOT FOUND	NOT FOUND	26.0373604394	-0.473371688498
CMTSOLUTION_201203050746A	1.09655739805	0.00918205131133	16.9491191513	-0.79000410953
CMTSOLUTION_201203140908A	0.90279702449	0.0449074789935	4157.76817685	0.994960185152
CMTSOLUTION_201203141049A	1.29828951975	0.0382929526951	7.02413197276	0.731786651135
CMTSOLUTION_201203141205A	1.31214975238	0.0688563108181	5.88008185529	0.656603874491
CMTSOLUTION_201203142113A	0.893402989212	0.0759321382966	147.720596631	0.932300231657
CMTSOLUTION_201203201756A	0.526562343445	0.0363728061996	3769.34393223	-0.968817327355
CMTSOLUTION_201203201802A	0.924184666796	0.0456942616865	3294.7560792	0.986627452282
CMTSOLUTION_201203252237A	0.866844340115	0.0397132531319	357.410026336	0.991008948844
CMTSOLUTION_201203261035A	NOT FOUND	NOT FOUND	7.87333824105	0.219334227516
CMTSOLUTION_201203261812A	0.856666630188	0.0635048001432	24.2930228237	0.921951873855
CMTSOLUTION_201203271100A	0.614540131084	0.069645275667	26.1762051124	0.630005608821
CMTSOLUTION_201204021736A	0.949571318113	0.0604293952463	72.4963759007	0.993108906589
CMTSOLUTION_201204061615A	0.781700650565	0.0459155242396	55.4454002901	-0.878841124932
CMTSOLUTION_201204112241A	0.725622396008	0.0375733081208	132.686193635	0.921597579303
CMTSOLUTION_201204112255A	0.917213137733	0.0647450583452	126.397145447	0.98909922839
CMTSOLUTION_201204120706A	2.53120625876	0.129387330517	849.767176034	0.649093925703
CMTSOLUTION_201204120715A	2.41709233531	0.0591296968096	1412.6682972	0.706307367848
CMTSOLUTION_201204141056A	0.926589812658	0.0843407517803	85.1454648672	0.978255428618
CMTSOLUTION_201204150557A	0.877330927319	0.0621701819038	270.898665734	0.989055178887
CMTSOLUTION_201204161123A	NOT FOUND	NOT FOUND	30.5677579151	-0.26075822998
CMTSOLUTION_201204170350A	0.72258054694	0.057300366262	447.149306776	0.931223995885
CMTSOLUTION_201204170713A	1.05752458609	0.107295492539	106.96911866	0.973072555214
CMTSOLUTION_201204171903A	0.888321522632	0.0668370338102	21.335600315	0.957688396401
CMTSOLUTION_201204200121A	NOT FOUND	NOT FOUND	11.6681601259	-0.140229109607
CMTSOLUTION_201204210116A	1.05106872521	0.0847623944856	352.098014717	0.93574678577
CMTSOLUTION_201204210125A	1.05975332981	0.0853120321872	361.190907843	0.928420133489
CMTSOLUTION_201205012243A	0.925228573268	0.0770433407399	85.8778935045	0.972023549222
CMTSOLUTION_201205031009A	NOT FOUND	NOT FOUND	13.1725558421	0.487913515597
CMTSOLUTION_201205031520A	1.5811539279	0.0886720741886	18.3648587615	0.939648458489
CMTSOLUTION_201205070440A	NOT FOUND	NOT FOUND	88.9076060365	-0.0935879650026
CMTSOLUTION_201205071415A	0.988765954464	0.00775843021703	20.3348949387	0.838040907222
CMTSOLUTION_201205141000A	1.06919939594	0.105000051391	124.707264163	0.953559388308
CMTSOLUTION_201205180200A	0.835498848858	0.0372771687686	400.544205189	0.906768797896
CMTSOLUTION_201205200719A	0.825799097712	0.112475526503	129.089056577	0.942599330495
CMTSOLUTION_201205220000A	0.929331780416	0.309666452674	32.3244233295	0.68519895558
CMTSOLUTION_201205231502A	0.9257339928	0.0424904831759	80.4452674463	0.984495426706
CMTSOLUTION_201205242247A	0.971752634838	0.0536837458655	874.739925605	0.997719018871
CMTSOLUTION_201205262148A	NOT FOUND	NOT FOUND	9.9514505919	0.570106025743
CMTSOLUTION_201205280507A	0.925502256288	0.0475052958591	324.979951827	-0.883793980885
CMTSOLUTION_201206020752A	NOT FOUND	NOT FOUND	78.6067391449	-0.103711594057
CMTSOLUTION_201206040045A	1.07178905519	0.0390932875988	104.619169011	0.973978938289
CMTSOLUTION_201206040315A	NOT FOUND	NOT FOUND	10.1014404222	0.504974160482
CMTSOLUTION_201206051931A	0.894191100631	0.0275527121571	296.678409201	0.958712259614
CMTSOLUTION_201206070405A	1.07103272199	0.0296013578082	101.268120878	0.952612085174
CMTSOLUTION_201206071603A	1.08363732152	0.0823415910134	34.4472333258	0.966593963735
CMTSOLUTION_201206072054A	1.26937686271	0.195359689258	12.7681363408	0.650132298121
CMTSOLUTION_201206101244A	NOT FOUND	NOT FOUND	203.602716509	0.551620389859
CMTSOLUTION_201206140552A	2.79251843261	0.50507496463	15.6141077056	-0.837669079252
CMTSOLUTION_201206172032A	0.818171531185	0.0277668878803	217.565407205	0.982653595987
CMTSOLUTION_201206191556A	1.00787798555	0.0458176219392	77.5477199475	0.868914836084
CMTSOLUTION_201206230434A	NOT FOUND	NOT FOUND	51.9197202142	0.189663146063
CMTSOLUTION_201206240315A	0.915123886223	0.0945114750006	114.040195976	0.975425369645
CMTSOLUTION_201206251305A	NOT FOUND	NOT FOUND	30.8281428031	-0.124734943328
CMTSOLUTION_201206292107A	0.891425464505	0.0751733032333	213.998172916	-0.817266949576
CMTSOLUTION_201207081133A	0.919170510199	0.129726062087	59.3857576489	0.855244785185
CMTSOLUTION_201207091355A	NOT FOUND	NOT FOUND	16.0466400032	-0.248459907191
CMTSOLUTION_201207200610A	0.90317419044	0.0824835410999	56.465931467	0.983596540284
CMTSOLUTION_201207250027A	1.27477945017	0.0218213589425	33.4107113772	0.695946725302
CMTSOLUTION_201207251120A	1.18459440227	0.0654130675571	226.608435966	0.944865024642
CMTSOLUTION_201207260533A	1.06728152631	0.131748162946	724.443685587	0.906573463922
CMTSOLUTION_201207282004A	0.881827802931	0.0801344240533	152.763575178	0.919257946189
CMTSOLUTION_201208020938A	0.866651779007	0.0622619682168	35.9120867299	0.974549606358
CMTSOLUTION_201208020956A	NOT FOUND	NOT FOUND	42.9542987637	-0.407811612291
CMTSOLUTION_201208101837A	0.905874305986	0.0377437025559	74.4958425405	0.98999990062
CMTSOLUTION_201208111223A	0.995707254083	0.102658160778	1156.21527954	0.951320930106
CMTSOLUTION_201208111234A	0.989138619293	0.0931341381876	779.569174768	0.975643616926
CMTSOLUTION_201208121047A	1.26035390858	0.0678330863508	78.0914836485	0.975074389644
CMTSOLUTION_201208140259A	3.54405267617	0.198400731882	10577.677143	-0.78760659233
CMTSOLUTION_201208151749A	NOT FOUND	NOT FOUND	22.3852538965	0.149775285169
CMTSOLUTION_201208180941A	NOT FOUND	NOT FOUND	16.732381496	0.238687256732
CMTSOLUTION_201208192241A	0.996303004265	0.0164038063829	67.5891496291	0.965463134062
CMTSOLUTION_201208261505A	0.827315026344	0.0531081868139	496.428541109	0.966600504756
CMTSOLUTION_201208270437A	0.930871053256	0.0658929858896	2551.93936464	0.989865087705
CMTSOLUTION_201208301343A	0.867407353485	0.0561569295788	940.559104752	0.967056624082
CMTSOLUTION_201208311247A	1.8493049617	0.121976370458	659.294755201	-0.958545443906
CMTSOLUTION_201209031823A	NOT FOUND	NOT FOUND	16.8901562892	0.467884844968
CMTSOLUTION_201209051442A	0.936192369227	0.0797951084647	3023.11062557	0.983845588077
CMTSOLUTION_201209081051A	1.10720923958	0.0500223417699	72.1874843102	0.904780389617
CMTSOLUTION_201209120327A	0.822414633132	0.132749328157	19.5593812655	0.909672507751
CMTSOLUTION_201209140451A	0.827941428842	0.0252060220729	35.7911955901	0.731975650599
CMTSOLUTION_201209190917A	NOT FOUND	NOT FOUND	15.123704245	0.302684383827
CMTSOLUTION_201209220352A	NOT FOUND	NOT FOUND	12.8981241161	0.266089524179
CMTSOLUTION_201209252345A	0.949960434895	0.0362522500972	159.329769392	0.985541257686
CMTSOLUTION_201209262339A	0.796385586638	0.0577896943409	163.815103946	0.968624772534
CMTSOLUTION_201209301631A	1.09988970205	0.0882611504211	5379.950272	0.991401811955
CMTSOLUTION_201210012221A	0.822432200548	0.0512908955879	147.559984715	0.965760396288
CMTSOLUTION_201210080626A	NOT FOUND	NOT FOUND	30.1825027857	0.457533586124
CMTSOLUTION_201210081143A	0.805670160971	0.17566741623	83.1855675959	0.672558234578
CMTSOLUTION_201210120031A	0.82343496374	0.0397949330301	430.979687011	0.98563547218
CMTSOLUTION_201210141013A	4.02741700296	1.08046995755	20.1810229612	0.796035758199
CMTSOLUTION_201210170442A	1.06987702376	0.0130406966817	17.0651102567	0.806397171971
CMTSOLUTION_201210240045A	0.92588090664	0.068870358456	242.821812272	0.98531122975
CMTSOLUTION_201210252305A	NOT FOUND	NOT FOUND	36.4877340995	0.597366875769
CMTSOLUTION_201210280304A	0.931533493875	0.0553261861753	23096.2056667	0.992591986039
CMTSOLUTION_201210281854A	0.924464727022	0.0546054102017	573.827971961	0.990546100093
CMTSOLUTION_201210300249A	0.938629096899	0.0504035821339	954.941368198	0.99291719464
CMTSOLUTION_201211021817A	1.16953487933	0.0959801050639	31.0358924758	0.933704135985
CMTSOLUTION_201211070626A	0.996473030719	0.117084182852	130.817747206	0.954478406185
CMTSOLUTION_201211071635A	1.10217597236	0.0283879453603	6367.82034479	-0.795454216769
CMTSOLUTION_201211080201A	0.864746989616	0.0617751290285	52.7778303035	0.933444240966
CMTSOLUTION_201211101457A	0.828239495343	0.100416802407	22.0102896605	0.935889424975
CMTSOLUTION_201211110112A	0.832843559296	0.0579903304451	1412.85392569	0.960407880276
CMTSOLUTION_201211112215A	0.903497436335	0.0543014416646	128.812522411	0.97496726264
CMTSOLUTION_201211122042A	NOT FOUND	NOT FOUND	111.614335542	0.466804700164
CMTSOLUTION_201211130431A	1.09326512844	0.0915136295868	95.8832676671	0.946711912797
CMTSOLUTION_201211141902A	1.11431902709	0.0678321184601	226.084855312	0.954596671099
CMTSOLUTION_201211150920A	NOT FOUND	NOT FOUND	146.585507076	-0.494045463698
CMTSOLUTION_201211161812A	0.978006947927	0.0487586429376	389.516771983	0.990196772206
CMTSOLUTION_201211190944A	0.971243281624	0.0266516097655	107.93203664	0.992547073972
CMTSOLUTION_201212070818A	0.885484889326	0.147172291701	2990.75528538	0.887375914327
CMTSOLUTION_201212070818B	0.887715349038	0.14665427721	2992.00127117	0.880144511711
CMTSOLUTION_201212070831A	0.875350711279	0.14540106764	2645.66341696	0.9105059091
CMTSOLUTION_201212101653A	0.945868820838	0.0532097210467	858.289746979	0.981547377308
CMTSOLUTION_201212110618A	NOT FOUND	NOT FOUND	13.3059835635	0.446616019421
CMTSOLUTION_201212141036A	0.746384440296	0.00142339632539	40.8067871258	0.630824019014
CMTSOLUTION_201212150449A	NOT FOUND	NOT FOUND	34.1352216568	-0.282365234276
CMTSOLUTION_201212151930A	0.978901522009	0.034462718883	30.5880250881	0.973077236566
CMTSOLUTION_201212231331A	1.15236494013	0.0563533589066	58.9681031004	0.843903450127
CMTSOLUTION_201301050858A	0.931524740912	0.0468983115315	53176.6164191	0.989378083272
CMTSOLUTION_201301081416A	1.27290415094	0.0526984732506	105.075532293	0.956638442841
CMTSOLUTION_201301202332A	NOT FOUND	NOT FOUND	117.058339966	0.327207091046
CMTSOLUTION_201301281638A	1.1593958125	0.120352393722	360.742098255	0.88329808087
CMTSOLUTION_201301302015A	1.01304953896	0.104486658101	417.208429391	0.954376944956
CMTSOLUTION_201301302303A	1.24567395526	0.0289825749633	6.69539675046	0.929398066393
CMTSOLUTION_201301310333A	0.849417272196	0.0256659328663	20.0347506321	0.876869367857
CMTSOLUTION_201302010536A	NOT FOUND	NOT FOUND	29.7543119142	0.0960070062279
CMTSOLUTION_201302012216A	1.34081481407	0.134235343791	62.8745652793	0.852525207234
CMTSOLUTION_201302012218A	1.42489002417	0.172657972793	65.4597951906	0.856249832095
CMTSOLUTION_201302021417A	0.896252077187	0.0604360831013	1522.48168293	0.990450468208
CMTSOLUTION_201302060007A	NOT FOUND	NOT FOUND	2888.64508359	0.263267268745
CMTSOLUTION_201302060112A	NOT FOUND	NOT FOUND	778.55724456	-0.221311893294
CMTSOLUTION_201302060123A	NOT FOUND	NOT FOUND	618.91534983	-0.216120470126
CMTSOLUTION_201302060154A	NOT FOUND	NOT FOUND	186.605267516	-0.203817089666
CMTSOLUTION_201302060635A	NOT FOUND	NOT FOUND	4.44256823228	-0.586748857876
CMTSOLUTION_201302061153A	NOT FOUND	NOT FOUND	8.01372027348	0.550764230923
CMTSOLUTION_201302160437A	0.988876933359	0.0504947860455	80.9098685188	0.971126861101
CMTSOLUTION_201302170542A	NOT FOUND	NOT FOUND	23.0052952211	-0.203430933482
CMTSOLUTION_201302221201A	1.03540577069	0.0217681186952	24.0879038986	-0.858598196555
CMTSOLUTION_201303011253A	0.811036835101	0.058936214487	395.682720894	0.978361370793
CMTSOLUTION_201303011320A	0.812108473406	0.0567470844466	500.20234123	0.979931707074
CMTSOLUTION_201303102251A	0.860749501747	0.0515563350142	729.114872448	0.975792566651
CMTSOLUTION_201303190329A	0.812867292889	0.054871950094	20.4875395351	0.862949921495
CMTSOLUTION_201303202228A	0.880285001522	0.0526445804467	79.2318122128	0.978702256417
CMTSOLUTION_201303240418A	0.952853803805	0.0672155364325	334.49499553	0.989954991744
CMTSOLUTION_201303252302A	0.950947951574	0.0844878400412	77.3687413778	0.916576235747
CMTSOLUTION_201304011853A	0.836331646465	0.0451459814398	61.9441474987	0.961028448884
CMTSOLUTION_201304051300A	NOT FOUND	NOT FOUND	35.0547860011	0.194100997865
CMTSOLUTION_201304060442A	1.22084870758	0.0643179503948	950.249926904	0.984731683791
CMTSOLUTION_201304061126A	NOT FOUND	NOT FOUND	9.807431984	-0.288657509367
CMTSOLUTION_201304091152A	0.907617850817	0.0936032359542	74.8806558721	0.856176351298
CMTSOLUTION_201304140132A	1.35091778736	0.0370408523934	93.8585156617	0.716518232436
CMTSOLUTION_201304161044A	0.919283308706	0.0810038048282	86670.6252623	0.985640102223
CMTSOLUTION_201304162255A	1.11073561023	0.247954821447	42.3558459131	0.914917346741
CMTSOLUTION_201304190305A	0.912588353787	0.0748375928623	3479.21754525	0.985795232877
CMTSOLUTION_201304191958A	0.905343002909	0.0801522111318	17.460870484	0.969190898548
CMTSOLUTION_201304200002A	0.694257267559	0.138235169491	553.784983031	0.842102241331
CMTSOLUTION_201304201312A	1.03245868963	0.126562430263	37.9921054631	0.846574004747
CMTSOLUTION_201304210322A	1.65588238381	0.138836408958	39.5784260955	-0.787361242482
CMTSOLUTION_201304220116A	0.96558538296	0.0644414720072	130.687621971	0.988622115768
CMTSOLUTION_201304232314A	0.845936741245	0.0555783888825	499.748846767	0.981755201299
CMTSOLUTION_201304300625A	0.999466895834	0.109794824706	150.338969423	0.922450504638
CMTSOLUTION_201305110208A	0.70885952464	0.190252263503	180.943472639	0.613448317458
CMTSOLUTION_201305140032A	0.354495764565	0.0165314326434	214.469905705	0.772551170986
CMTSOLUTION_201305180548A	0.79667840293	0.0575854456977	85.3873483817	0.961534135896
CMTSOLUTION_201305190907A	1.10540069875	0.045525377511	51.0774953007	0.865728894558
CMTSOLUTION_201305200949A	0.975990862694	0.0568753468036	247.766111822	0.899839191101
CMTSOLUTION_201305210155A	0.9348526269	0.0648585349494	65.5990487063	0.980397612719
CMTSOLUTION_201305210543A	0.871701763608	0.0829351209557	41.4900211826	0.948992674436
CMTSOLUTION_201305241456A	NOT FOUND	NOT FOUND	9.97753691572	0.278739241565
CMTSOLUTION_201305280009A	1.42490969507	0.0835136300829	17.2025683794	0.910211737258
CMTSOLUTION_201306020543A	1.05582784055	0.0982850157453	135.587812288	0.922618505968
CMTSOLUTION_201306050447A	1.07779110388	0.125209277772	38.7805634636	0.826178348553
CMTSOLUTION_201306061153A	3.09813025384	0.2379479825	10.6729113857	0.707916577609
CMTSOLUTION_201306131647A	0.980776635131	0.067890835033	137.669144573	0.813188080556
CMTSOLUTION_201306151611A	0.910708601105	0.0929063896441	263.797550859	0.905827486555
CMTSOLUTION_201306151734A	1.14450637028	0.0469108268465	189.277298164	-0.715364857232
CMTSOLUTION_201306162139A	1.05891082343	0.116340538986	266.552738319	0.902858599656
CMTSOLUTION_201306242204A	1.01755021792	0.0806490017929	1160.00747685	0.985252668216
CMTSOLUTION_201307020737A	2.11877144548	0.0294142715347	108.946957553	0.830900860668
CMTSOLUTION_201307041716A	1.36802960669	0.218417754175	21.0990820466	0.903792750568
CMTSOLUTION_201307060505A	0.725028414799	0.0256725818989	30.774023067	0.640333560767
CMTSOLUTION_201307071835A	1.3168389583	0.268563517701	945.220784612	0.893985913825
CMTSOLUTION_201307072030A	4.76760352738	0.672814058914	4.66874789828	-0.725013507483
CMTSOLUTION_201307081530A	0.78773672027	0.184587109397	8.54942704222	0.879891463956
CMTSOLUTION_201307151403A	1.07362690087	0.0732767029843	1106.8946205	0.889021134112
CMTSOLUTION_201307170237A	0.993728171208	0.0515073037294	54.1687030357	0.994949930904
CMTSOLUTION_201307212345A	NOT FOUND	NOT FOUND	48.2142199051	0.281188162498
CMTSOLUTION_201307220701A	0.989110978263	0.117739216473	276.356321007	0.907080347365
CMTSOLUTION_201308070906A	NOT FOUND	NOT FOUND	31.6326690751	-0.0590540747106
CMTSOLUTION_201308120053A	0.793967767753	0.0776592902743	107.163625209	0.975073317337
CMTSOLUTION_201308120949A	1.0160760794	0.065463368935	122.156788356	0.990208349953
CMTSOLUTION_201308131543A	1.12527649791	0.0052747366672	329.578413105	0.877853018423
CMTSOLUTION_201308171632A	1.01240334978	0.0810795098279	182.620248743	0.977248818516
CMTSOLUTION_201308211238A	0.954768639225	0.0465108017213	93.6339821584	0.988611953604
CMTSOLUTION_201308301625B	0.944177705442	0.0730477844659	2822.7404676	0.989704237155
CMTSOLUTION_201308310638A	0.90811115348	0.0623732099232	242.944501753	0.993355905695
CMTSOLUTION_201309011152A	0.964748561996	0.0509430180875	383.750507375	0.952112551127
CMTSOLUTION_201309032019A	0.961352509644	0.0485519611838	356.017131486	0.996073143795
CMTSOLUTION_201309040018A	1.22462856272	0.038524981944	395.57221093	-0.819943536601
CMTSOLUTION_201309040023A	0.867253401866	0.0714298038599	926.964809018	0.979624780271
CMTSOLUTION_201309040232A	0.936849937891	0.0686080898323	189.007720493	0.990578281979
CMTSOLUTION_201309040627A	0.920609819662	0.077489657775	33.1278291881	0.98019001267
CMTSOLUTION_201309050401A	0.941835228843	0.0728768748721	553.349428218	0.981896381799
CMTSOLUTION_201309061133A	0.885687259699	0.0796613174675	26.9910329258	0.962143826339
CMTSOLUTION_201309070013A	0.904009915497	0.0647697335967	834.832286482	0.941336179666
CMTSOLUTION_201309111244A	0.746337769796	0.0472587670946	35.6528191333	0.929782420788
CMTSOLUTION_201309151621A	0.940613103152	0.0738536601692	129.266199285	0.990368933213
CMTSOLUTION_201309161501A	1.02591823086	0.154203242331	26.1137069939	0.906811216364
CMTSOLUTION_201309170409A	1.09108030165	0.107478541289	10.422652445	0.900316902805
CMTSOLUTION_201309210139A	3.67941136714	0.053100681521	33.9472768857	-0.636553681161
CMTSOLUTION_201309241129A	0.939063442529	0.0384631590368	45128.525679	0.667890615601
CMTSOLUTION_201309251642A	1.52006939963	0.101279134231	184.373965563	-0.941439892734
CMTSOLUTION_201309260118A	NOT FOUND	NOT FOUND	35.2316110781	0.0672598756834
CMTSOLUTION_201309280734A	0.658849402185	0.0875788582239	4538.69067314	0.952936782864
CMTSOLUTION_201309300816A	0.92878569139	0.0310451653746	17.382969938	0.989894838229
CMTSOLUTION_201310010338A	2.86526643043	0.0752025255088	148.981548601	-0.896458321983
CMTSOLUTION_201310011941A	NOT FOUND	NOT FOUND	77.0806230657	0.304806698824
CMTSOLUTION_201310041726A	NOT FOUND	NOT FOUND	788.497927054	0.20085038381
CMTSOLUTION_201310060137A	0.975881674186	0.016832474272	46.8396313641	0.969798682491
CMTSOLUTION_201310061638A	0.968591605976	0.0745965539962	74.7647194054	0.937301647095
CMTSOLUTION_201310062133A	1.00233331002	0.0251298702155	27.9288661086	-0.748200814638
CMTSOLUTION_201310120210A	0.955978123727	0.0813453845031	64.6432551615	0.973818406646
CMTSOLUTION_201310121311A	0.969029238356	0.081484981871	771.39690708	0.951535331659
CMTSOLUTION_201310150012A	0.920377039494	0.0420498200664	3332.53080683	0.976508303447
CMTSOLUTION_201310161031A	1.31282036321	0.0312404519508	141.064934013	-0.709747443475
CMTSOLUTION_201310191754A	0.82379518605	0.0693616131077	249.013191311	0.662445129241
CMTSOLUTION_201310241925A	0.964721241782	0.0448222239223	60.474248357	0.974951267559
CMTSOLUTION_201310251710A	0.882054148937	0.0684499052887	2031.04592173	0.955003431659
CMTSOLUTION_201310300251A	1.20970636745	0.00764384383757	45.6344679661	0.975963991999
CMTSOLUTION_201310311202A	0.934581377012	0.0486369328118	95.1374134685	0.990728536569
CMTSOLUTION_201310312303A	0.876270845911	0.085283653599	95.6921566629	0.840445762828
CMTSOLUTION_201311031103A	NOT FOUND	NOT FOUND	13.7311401265	0.112724247355
CMTSOLUTION_201311120703A	0.911736403022	0.0646674064844	145.601789403	0.99145008894
CMTSOLUTION_201311132345A	0.882612014839	0.0381376186077	18.0021357291	0.959650630618
CMTSOLUTION_201311160334A	0.872799568444	0.0357602682761	425.787099444	0.993328535264
CMTSOLUTION_201311170904A	1.04717956129	0.0644900697934	2382.04475242	0.973429206946
CMTSOLUTION_201311191332A	0.905730868841	0.0326714476408	58.6568029261	0.85313663609
CMTSOLUTION_201311220651A	0.669550973449	0.106407659883	8.09897227828	0.907234704935
CMTSOLUTION_201311221830A	1.56873483371	0.178482458898	26.2521966038	0.918425312089
CMTSOLUTION_201311241805A	1.523668562	0.203272857407	16.8259366927	0.746299280007
CMTSOLUTION_201311250627B	1.02512581503	0.0721592436107	530.195334448	0.962439668133
CMTSOLUTION_201312010124A	1.0131740674	0.0394882849705	174.466483621	0.930048496043
CMTSOLUTION_201312010629A	NOT FOUND	NOT FOUND	25.6533152721	0.0815877432675
CMTSOLUTION_201312172338A	0.789679800011	0.0704052476728	29.1696022802	0.976821515696
CMTSOLUTION_201312281521A	1.53444137021	0.101601995464	63.5228103719	0.807707553602
CMTSOLUTION_201401130401A	1.05391968466	0.0569123269204	177.60225012	0.984014502609
CMTSOLUTION_201401250514A	0.979471579423	0.0738839436329	41.2417078937	0.791333334211
CMTSOLUTION_201401261355A	1.0235991905	0.076646795267	210.012333496	0.860373074863
CMTSOLUTION_201401261845A	0.630078252606	0.0542478495374	24.7483930926	0.730999035045
CMTSOLUTION_201401282222A	0.885556725561	0.0342829484904	43.7902310348	0.984962109052
CMTSOLUTION_201402010358A	0.981831861761	0.0740898116119	95.5322373387	0.966593048529
CMTSOLUTION_201402030308A	1.73890158579	0.0435340359161	148.342244681	0.858314510077
CMTSOLUTION_201402101206A	NOT FOUND	NOT FOUND	14.3699735971	-0.410734637501
CMTSOLUTION_201402120919A	1.41237289656	0.0900699733291	3205.59226654	0.930259701912
CMTSOLUTION_201402180927A	1.15832970166	0.0925890848101	280.911257564	0.941856620465
CMTSOLUTION_201402262113B	0.497482329775	0.048953021247	53.728752442	0.874648021501
CMTSOLUTION_201403020937A	0.94051931937	0.0575047043319	279.517294119	0.986435962993
CMTSOLUTION_201403022011A	0.965356545701	0.0558924628646	909.383557311	0.990948331695
