event	E	sd	signal/noise	char_func_max
CMTSOLUTION_200801011855A	0.837807830277	0.0400346518048	356.172299611	0.947569587787
CMTSOLUTION_200801040729A	NOT FOUND	NOT FOUND	99.1238179293	0.564407872193
CMTSOLUTION_200801051101A	1.0994813318	0.0816342548946	1292.46350484	0.986336480214
CMTSOLUTION_200801051144A	1.07671183396	0.0838321941891	92.6546296552	0.985050229843
CMTSOLUTION_200801060514A	0.837094509606	0.0709172639806	442.504461717	0.904534520374
CMTSOLUTION_200801090826A	1.66375164803	0.21860150352	2387.57272269	0.8518759646
CMTSOLUTION_200801091440A	1.0410939609	0.0676291831462	273.80881595	0.987025822895
CMTSOLUTION_200801100137A	1.18375210514	0.0439412796761	624.358710147	0.977872682004
CMTSOLUTION_200801202026A	1.1495157873	0.216953200041	28.9972692951	0.907372257658
CMTSOLUTION_200801221714A	0.683911810512	0.234380300421	99.4198899386	0.775040405747
CMTSOLUTION_200801300732A	1.43587064618	0.0739471685608	97.6255448574	0.904999055852
CMTSOLUTION_200802041701A	0.979992270724	0.0371981338127	349.532935244	0.989740919298
CMTSOLUTION_200802080938A	0.943317074214	0.0463104027449	10202.7342811	0.99152975304
CMTSOLUTION_200802091833A	1.26910423016	0.240569280266	125.899872794	-0.741768764557
CMTSOLUTION_200802101222A	0.822019745223	0.027809890676	944.597937043	0.963634162778
CMTSOLUTION_200802121250A	0.983053063614	0.0939542820085	950.492570372	0.973671774093
CMTSOLUTION_200802131958A	1.84923101953	0.12510125672	286.53305478	-0.949192716828
CMTSOLUTION_200802141009A	0.645135598523	0.0985136629227	3235.29313833	0.884105219537
CMTSOLUTION_200802141208A	0.805766678313	0.0585766100487	19.8351284927	0.936774327254
CMTSOLUTION_200802161445A	1.02825963367	0.0428510480984	168.948418066	0.993831487643
CMTSOLUTION_200802200808A	1.10844683389	0.0220823150607	4310.88625149	0.940452351464
CMTSOLUTION_200802201827A	0.637161767721	0.0598298942456	1636.82425857	0.93957106985
CMTSOLUTION_200802210246A	0.986444122226	0.0519772196154	2259.26791406	0.974570749258
CMTSOLUTION_200802211416A	1.04887102349	0.0845518211867	203.625985437	0.978987893297
CMTSOLUTION_200802231557A	0.772587058352	0.113644482865	261.501070191	0.801556862137
CMTSOLUTION_200802241446A	0.850066838327	0.092103666583	134.103662477	0.852835664158
CMTSOLUTION_200802250836A	0.983821668665	0.0994803055136	1071.70556044	0.892549322792
CMTSOLUTION_200802251806A	0.789247666456	0.0847183422552	221.017498908	0.833821319008
CMTSOLUTION_200802252102A	0.722846825999	0.0793969392707	76.4013496478	0.820421271961
CMTSOLUTION_200802270654A	1.1536913168	0.0672574891217	76.8609279002	0.906154538368
CMTSOLUTION_200803030237A	0.652402322392	0.0678693384821	51.8081361371	0.800065965523
CMTSOLUTION_200803030931A	0.867681198611	0.0504126040624	1321.81507948	0.987980991959
CMTSOLUTION_200803031349A	0.624226982303	0.0305007206619	558.957993525	0.845043456679
CMTSOLUTION_200803031411A	0.634316729052	0.0637160673764	635.623690885	0.76299410226
CMTSOLUTION_200803131328A	0.672479496572	0.0391028448533	74.4309076166	0.950670439826
CMTSOLUTION_200803142232A	1.25773438158	0.0867994475317	81.9196049593	0.806039739961
CMTSOLUTION_200803151443A	NOT FOUND	NOT FOUND	33.9793084952	0.553918389793
CMTSOLUTION_200803201410A	0.895459757168	0.0503772385296	120.196074966	0.921191360958
CMTSOLUTION_200803202233A	2.50376012881	0.140188798056	14143.2118486	-0.892931803551
CMTSOLUTION_200803222124A	0.837811088169	0.110039911569	105.361737893	0.931891434976
CMTSOLUTION_200803242039A	1.07228949259	0.0341305480216	187.008751257	0.9948236309
CMTSOLUTION_200803291730A	1.11113278192	0.126572261825	365.268214916	0.810732619608
CMTSOLUTION_200804140945A	0.930234108178	0.0364668249806	202.883460119	0.98836683214
CMTSOLUTION_200804150303A	0.934961557168	0.0466645361219	237.229703506	0.951449646682
CMTSOLUTION_200804152259A	1.10798249348	0.0340035360739	995.915748229	0.922700242642
CMTSOLUTION_200804160554A	0.98675275443	0.0502173600973	2420.43042034	0.988579032485
CMTSOLUTION_200804190312A	1.10989236292	0.33235148459	142.354542042	0.906865391765
CMTSOLUTION_200804231828A	1.23601444237	0.219734387411	163.390729038	0.878839976443
CMTSOLUTION_200804241214A	0.848528923455	0.0648737355438	326.326093936	0.931823516181
CMTSOLUTION_200804281557A	0.868766423162	0.0629378924802	51.7220808675	0.729847513308
CMTSOLUTION_200805020133A	1.06801589354	0.0428369261822	1309.79958784	0.974177033199
CMTSOLUTION_200805071602A	1.18234487956	0.0175449895702	1861.689558	-0.875018111054
CMTSOLUTION_200805071616A	1.17825230751	0.0201634970915	1919.48546967	-0.9012284599
CMTSOLUTION_200805071645A	1.18567320045	0.014251701032	328.323226956	-0.89119791746
CMTSOLUTION_200805092151A	0.884469962733	0.0561289292818	1372.92497471	0.971305422396
CMTSOLUTION_200805121111A	0.869810383023	0.0967262883056	9.9228049105	0.901100812154
CMTSOLUTION_200805191426A	1.1405734254	0.105165169159	139.458517689	0.973876647464
CMTSOLUTION_200805201353A	0.944601078292	0.0284676816179	275.524642096	0.996263587514
CMTSOLUTION_200805231935A	0.928073144241	0.0592403088199	5066.23490313	0.986161537698
CMTSOLUTION_200805250821A	0.786027825404	0.161288224592	507.534669717	0.61841907509
CMTSOLUTION_200805291546A	0.957585851922	0.0713624704996	4555.43170968	0.980873319551
CMTSOLUTION_200805310437A	1.18492976802	0.176175176101	427.426982926	0.87232916932
CMTSOLUTION_200806010157A	1.08023873262	0.203278514695	115.4874145	0.777339417239
CMTSOLUTION_200806031620A	0.808080216321	0.0128175988233	225.994275642	0.960130345143
CMTSOLUTION_200806032204A	0.821806320662	0.0269856506659	43.7165188881	0.965569587585
CMTSOLUTION_200806050216A	0.831466640079	0.0246504602063	131.751626513	0.977743019294
CMTSOLUTION_200806061342A	1.07046251935	0.0537740921293	36.8042480574	0.791221608407
CMTSOLUTION_200806081225A	1.25939697566	0.168210657015	914.71847329	0.720661434142
CMTSOLUTION_200806132343A	0.819470203942	0.135120438662	2238.29059627	0.846550883591
CMTSOLUTION_200806150837A	2.97148651807	0.0705725611309	75.6688721523	0.726706487149
CMTSOLUTION_200806222356A	0.944405233848	0.0608193566742	49.7645621109	0.928836292262
CMTSOLUTION_200806271140A	1.41312606614	0.175037493864	1050.44642867	0.891075419729
CMTSOLUTION_200806281254A	1.46893936865	0.149409080612	258.507931132	0.971682668612
CMTSOLUTION_200806292053A	NOT FOUND	NOT FOUND	12.0784368103	0.211550457388
CMTSOLUTION_200806300617A	NOT FOUND	NOT FOUND	2549.82009431	-0.482919227331
CMTSOLUTION_200807050212A	1.99066921626	0.318034701441	19023.0018268	-0.716197547426
CMTSOLUTION_200807080742A	1.11485991332	0.0931521461792	106.474523794	0.981310384525
CMTSOLUTION_200807080913A	1.19268484945	0.180924333362	10.0133958494	-0.882819537876
CMTSOLUTION_200807131458A	1.04367266236	0.0559714833131	406.124392315	0.857753659374
CMTSOLUTION_200807150326A	1.14161179251	0.0752739160276	2246.02161388	0.964713635161
CMTSOLUTION_200807190239A	1.11732808606	0.0133397337248	3782.44082887	-0.974351947395
CMTSOLUTION_200807190927A	1.19058553703	0.0399599406166	322.104527212	0.960721449549
CMTSOLUTION_200807191101A	1.19414354349	0.0400071312947	5.5021998165	0.958940659024
CMTSOLUTION_200807231526A	1.2714758465	0.0519126750847	625.007863198	0.967685048415
CMTSOLUTION_200807240143A	0.86349629365	0.0522647151843	548.945051528	0.979139043817
CMTSOLUTION_200807282140A	1.00226396022	0.02973891351	356.342976746	0.991832120332
CMTSOLUTION_200808042045A	DiffNPTS	DiffNPTS	DiffDelta	DiffNPTS
CMTSOLUTION_200808050949A	0.928117218137	0.106392643589	128.950564247	0.900401139957
CMTSOLUTION_200808100820A	1.40146684491	0.166521357297	460.676826748	0.885694747348
CMTSOLUTION_200808112338A	1.05232287799	0.0207382010251	509.892576993	0.991651984131
CMTSOLUTION_200808151025A	1.15716650842	0.0099741213608	116.433287825	0.712364161619
CMTSOLUTION_200808211224A	1.24323520244	0.0692805748983	364.723345713	0.986456219571
CMTSOLUTION_200808220747A	0.889423267038	0.12389601657	196.929364713	0.744282355633
CMTSOLUTION_200808251322A	1.42250403874	0.300352650622	1944.62689735	0.81635785814
CMTSOLUTION_200808262100A	1.23572464176	0.120373483872	265.785158489	0.971435435267
CMTSOLUTION_200808270135A	2.22370515897	0.0301709556803	428.314863071	0.774721372122
CMTSOLUTION_200808281522A	0.988459562877	0.0976342674064	606.499984862	0.961594070644
CMTSOLUTION_200808300654A	0.848725807465	0.101035480859	641.069982136	0.953187509521
CMTSOLUTION_200809031125A	0.898566173257	0.055344287236	81.9857924015	-0.812807681171
CMTSOLUTION_200809101100A	0.915172205443	0.0575629835027	8684.76093103	-0.974561185837
CMTSOLUTION_200809101308A	0.989743087435	0.068586959819	1657.97277978	0.990321345037
CMTSOLUTION_200809110000A	5.5274928105	1.20356720221	17410.0738387	0.609592315245
CMTSOLUTION_200809110020A	1.98107612991	0.255388856641	9540.78307294	0.898539512301
CMTSOLUTION_200809180141A	1.00247320368	0.0125065270699	129.152829469	0.990349704643
CMTSOLUTION_200809240233A	0.948697915219	0.0881207228952	1103.56230859	0.982653313089
CMTSOLUTION_200809250147A	NOT FOUND	NOT FOUND	177.583740949	0.575131617982
CMTSOLUTION_200810051552A	0.569654386677	0.0660893156468	2500.54205702	0.961816230406
CMTSOLUTION_200810060830A	1.78389073065	0.272499505098	746.064054211	0.902053831869
CMTSOLUTION_200810110906A	1.11990242854	0.0703027053445	377.819849047	0.928468391703
CMTSOLUTION_200810111040A	4.16035744794	0.452267144801	116.650822981	-0.978560460268
CMTSOLUTION_200810122055A	1.23975033117	0.537365245476	105.056011593	0.700626085514
CMTSOLUTION_200810140206A	1.44580794541	0.141529411724	22.141185644	0.917686827372
CMTSOLUTION_200810161941A	1.4203747779	0.0266499425713	792.359705103	-0.888162573716
CMTSOLUTION_200810231004A	NOT FOUND	NOT FOUND	334.477157692	0.582795794645
CMTSOLUTION_200810281600A	1.01284868087	0.217762656638	269.061251502	0.781936793598
CMTSOLUTION_200810282309A	0.976700531411	0.037609943651	1306.58640157	0.945162943627
CMTSOLUTION_200810291132A	1.43976082724	0.260356889272	972.91995034	0.815234404963
CMTSOLUTION_200810301515A	5.5598220823	0.459865906993	74.3891917702	-0.750569210772
CMTSOLUTION_200811010113A	1.29329329252	0.188550359213	51.2906741364	0.942211959468
CMTSOLUTION_200811021348A	0.897135668339	0.0515845498382	255.505312091	0.989129488372
CMTSOLUTION_200811071604A	NOT FOUND	NOT FOUND	105.613308152	0.599615688895
CMTSOLUTION_200811100122A	NOT FOUND	NOT FOUND	742.8601519	0.268628862219
CMTSOLUTION_200811161702A	3.64279512087	0.198070850627	10542.4126738	0.865843488529
CMTSOLUTION_200811190611A	0.992675313769	0.0924338515177	526.654655106	0.97846827673
CMTSOLUTION_200811210705A	1.48946792852	0.338708044937	41.4433841736	0.817984213773
CMTSOLUTION_200811221600A	0.508648677516	0.083664195748	1179.3843747	0.98210203539
CMTSOLUTION_200811221849A	1.1162502661	0.00929784303329	96.7179464934	0.990008563385
CMTSOLUTION_200811240902A	0.554094410491	0.0751795404119	2149.72724951	0.908562705268
CMTSOLUTION_200812061055A	NOT FOUND	NOT FOUND	95.6945359598	-0.479488166807
CMTSOLUTION_200812081839A	3.5211357603	0.283195211357	277.025815864	0.926673926379
CMTSOLUTION_200812130827A	0.734950059988	0.0466845561539	18.056774728	0.964501673725
CMTSOLUTION_200812172157A	NOT FOUND	NOT FOUND	77.5905500165	0.284285529064
CMTSOLUTION_200812182119A	1.07220107575	0.0355015130332	225.729177162	0.98255943855
CMTSOLUTION_200812190831A	1.03243787921	0.0676252371695	649.145069822	0.991377883703
CMTSOLUTION_200812201029A	NOT FOUND	NOT FOUND	343.513430083	0.590268380724
CMTSOLUTION_200812250320A	1.21497149568	0.0240303616519	209.571581528	0.961124969302
CMTSOLUTION_200812282259A	0.970485601975	0.0353307092053	20.5528693916	0.973289267765
CMTSOLUTION_200901031943A	1.57420624446	0.269562570484	4723.3672785	0.639205638309
CMTSOLUTION_200901032233A	0.839589632085	0.0866913214817	27.2438803864	0.601677341832
CMTSOLUTION_200901062248A	0.945593754203	0.0571538397028	10.4146631997	0.79299869969
CMTSOLUTION_200901081921A	0.898335899319	0.0294144102041	385.209499612	0.976686511599
CMTSOLUTION_200901130104A	1.5041446257	0.284721494786	104.376049477	0.701991537629
CMTSOLUTION_200901151749A	1.58245049111	0.0142148913617	2994.59121407	-0.643121676243
CMTSOLUTION_200901221340A	1.11798856433	0.140496683984	195.377816295	0.956872881845
CMTSOLUTION_200901222016A	2.12931373743	0.0693921183935	89.4732336477	-0.975621891254
CMTSOLUTION_200902111734A	1.99687803752	0.0749317042715	3575.100846	-0.692185822573
CMTSOLUTION_200902111825A	1.9697750171	0.0801961160959	47.4402593221	-0.683142867062
CMTSOLUTION_200902120349A	0.898845586748	0.0407489307637	173.317754407	0.905789898806
CMTSOLUTION_200902120830A	1.26281435793	0.239304005931	44.9352397747	0.810621416123
CMTSOLUTION_200902121315A	1.18068947191	0.276842428315	150.467196302	0.85220125942
CMTSOLUTION_200902151004A	1.26132050545	0.103936145301	94.3303892792	0.945149251719
CMTSOLUTION_200902162316A	1.17202818556	0.144946631044	274.114750728	0.958509386007
CMTSOLUTION_200902170528A	0.538549768052	0.0238183651097	9.59054885679	-0.900433165556
CMTSOLUTION_200902221745A	0.876904741321	0.119530858117	85.2896746336	0.815142148489
CMTSOLUTION_200902281433A	1.00656317509	0.0764872197619	96.2227609916	0.853754474023
CMTSOLUTION_200903061050A	0.930716576065	0.0608806605892	1740.28085116	0.989677026901
CMTSOLUTION_200903122323A	0.962777276651	0.115224708468	594.047395778	0.968877479109
CMTSOLUTION_200903161415A	1.35669384775	0.0939772535317	246.717543215	0.604413294119
CMTSOLUTION_200904010355A	1.4980977592	0.175423043382	771.914474076	0.605095193415
CMTSOLUTION_200904040531A	0.842060283756	0.0177420931365	301.982483786	0.924336668717
CMTSOLUTION_200904070423A	1.0380337645	0.0389617741988	3437.21441647	0.992748299854
CMTSOLUTION_200904152001A	1.01456418138	0.0143984319899	50.1820011953	0.765966356128
CMTSOLUTION_200904161457A	1.00159398775	0.0924791634887	507.655240503	0.979719164504
CMTSOLUTION_200904170208A	0.922191878086	0.0782613880142	70.3766463864	0.922220550907
CMTSOLUTION_200904181917A	0.999980492699	0.0247465662319	894.539341309	0.993743375789
CMTSOLUTION_200904190523A	NOT FOUND	NOT FOUND	51.8766323786	-0.528240918072
CMTSOLUTION_200904210526A	0.949104665406	0.0230008042393	126.80720747	0.985934276443
CMTSOLUTION_200904251718A	0.817871978004	0.0767940778033	75.8718710424	0.970497207889
CMTSOLUTION_200904281954A	0.999497817002	0.128004013642	52.0925246243	0.801733137362
CMTSOLUTION_200905031621A	1.01223137385	0.0810042313129	257.403290773	0.974568038139
CMTSOLUTION_200905100116A	1.03980176988	0.0738952629246	549.905654307	0.982227284501
CMTSOLUTION_200905120126A	1.04437786532	0.117537363871	130.250232752	0.967837269617
CMTSOLUTION_200905191735A	0.979575367627	0.0418291560961	90.5127751434	0.962590530228
CMTSOLUTION_200905241617A	1.09219329331	0.232898634638	68.6329197202	0.647461381322
CMTSOLUTION_200905280824A	1.02979581953	0.10969168931	4689.77549044	0.984276781689
CMTSOLUTION_200906041725A	0.752695737141	0.0383799226931	186.766002614	0.966031249679
CMTSOLUTION_200906050330A	1.95554171833	0.100809540906	2484.30330255	0.926237702981
CMTSOLUTION_200906062033A	0.95509279945	0.0591805833665	107.1543996	0.987213313022
CMTSOLUTION_200906140558A	1.13952524037	0.0537989343942	323.83186215	0.991542181034
CMTSOLUTION_200906162005A	1.09110266478	0.130552934505	255.2828488	0.950431725543
CMTSOLUTION_200906191405A	1.22663988139	0.0254863479444	186.048513983	0.908177043886
CMTSOLUTION_200906200828A	1.42393865966	0.307139527927	8.82440938571	0.749134823303
CMTSOLUTION_200906231419A	1.01022979118	0.0449738086926	412.022028771	0.95544995673
CMTSOLUTION_200907010930A	0.921776406142	0.0690792590566	1293.82348104	0.899873074555
CMTSOLUTION_200907040649A	0.91063510891	0.112303291864	154.864318831	0.954935530489
CMTSOLUTION_200907061453A	1.06405604244	0.0313605762763	107.816590726	0.982819310521
CMTSOLUTION_200907071911A	0.920901129644	0.0951174242312	456.527115985	0.98196659498
CMTSOLUTION_200907081923A	1.1607058771	0.0995653484924	170.720148532	0.938537163261
CMTSOLUTION_200907120612A	3.0470033546	0.136111537313	59.8665135031	-0.754469999323
CMTSOLUTION_200907131805A	1.14301283468	0.0903588138027	519.168401169	0.985654094118
CMTSOLUTION_200907300737A	1.39743606211	0.119749145668	11.5856213441	0.932379265503
CMTSOLUTION_200908020854A	1.39696939998	0.0277566334234	53.601747357	0.81253677774
CMTSOLUTION_200908031800A	0.575009713574	0.0769739933726	2646.94635295	0.817027056088
CMTSOLUTION_200908031840A	0.646412069765	0.14038488509	846.676788068	0.774961093284
CMTSOLUTION_200908050018A	1.05494473169	0.0569745916022	259.04447785	0.976349402783
CMTSOLUTION_200908091055A	NOT FOUND	NOT FOUND	789.897084051	0.290269399426
CMTSOLUTION_200908100406A	0.819235399251	0.0578828895782	281.50966242	0.914442887175
CMTSOLUTION_200908101955A	1.09927202245	0.0781431030978	7547.76564419	0.982113651201
CMTSOLUTION_200908122248A	0.893430745238	0.054626039853	1463.91082477	0.947210610314
CMTSOLUTION_200908160738A	DiffNPTS	DiffNPTS	DiffDelta	DiffNPTS
CMTSOLUTION_200908170005A	NOT FOUND	NOT FOUND	15323.2993458	-0.414684180421
CMTSOLUTION_200908171011A	0.825254054705	0.0886701104333	318.277680822	0.712803443558
CMTSOLUTION_200908200635A	0.986265663511	0.0908435216538	1082.32497424	0.973261448002
CMTSOLUTION_200908280151A	2.21911257879	0.192692354032	1084.38862631	-0.878598147046
CMTSOLUTION_200908280152A	1.46799816036	0.160402993065	822.531380118	-0.87660014661
CMTSOLUTION_200909020755A	0.608760328188	0.144028371632	1968.60635167	0.83945531696
CMTSOLUTION_200909031326A	NOT FOUND	NOT FOUND	82.809248031	0.447623122083
CMTSOLUTION_200909062149A	1.34066951272	0.0458517349733	330.43039174	0.854972732152
CMTSOLUTION_200909071612A	1.87405812882	0.111590981255	174.317968535	0.862445533615
CMTSOLUTION_200909072241A	1.15326023539	0.0149298996072	506.399129784	0.760552539317
CMTSOLUTION_200909122006A	1.01434468922	0.0544416898385	826.745969446	0.994304735035
CMTSOLUTION_200909172321A	0.858785772094	0.0481885656796	96.9898564094	0.965290016235
CMTSOLUTION_200909210853A	1.05907618633	0.0110587159572	215.432976355	0.89094490731
CMTSOLUTION_200909240716A	1.05562909041	0.101977225837	778.274073608	0.970652376438
CMTSOLUTION_200909301016A	0.822258591668	0.0285646329904	9694.81841428	0.917584045582
CMTSOLUTION_200910010152A	1.39178602055	0.0771253515963	1697.16860614	0.750812237394
CMTSOLUTION_200910041058A	NOT FOUND	NOT FOUND	123.280330599	-0.413156599622
CMTSOLUTION_200911280604A	1.48232260706	0.232949427314	109.585834505	0.838359346922
CMTSOLUTION_200911281810A	0.92739150835	0.00490814242872	108.563248793	0.931498370447
CMTSOLUTION_200912091600A	1.04873592908	0.0347566011907	1181.67401416	0.97845995724
CMTSOLUTION_200912100230A	2.19203055366	0.310792502256	166.91448201	-0.835924848784
CMTSOLUTION_200912170137A	NOT FOUND	NOT FOUND	950.229245493	-0.137402998786
CMTSOLUTION_200912171455A	NOT FOUND	NOT FOUND	83.6147686633	0.133876426467
CMTSOLUTION_200912191302A	0.838274583855	0.030619391049	932.159627643	0.949357620268
CMTSOLUTION_200912192319A	1.09994022074	0.020195212694	220.896182703	0.952338157496
CMTSOLUTION_200912240023A	NOT FOUND	NOT FOUND	156.120054761	0.293030978925
CMTSOLUTION_200912260857A	0.939272364288	0.088469865674	96.1694776421	0.95897673428
CMTSOLUTION_201001020845A	0.731177970826	0.147333440475	114.809259535	0.688265824633
CMTSOLUTION_201001032148A	0.924586473721	0.043821362748	1114.59620327	0.944230080065
CMTSOLUTION_201001032236A	0.884936125308	0.0440982354929	984.599550887	0.935565951304
CMTSOLUTION_201001050455A	0.848555959531	0.00766141106549	1058.04256463	0.720648355865
CMTSOLUTION_201001051215A	1.14059567999	0.116548048326	1151.31822414	0.968446667893
CMTSOLUTION_201001051311A	1.13617424714	0.114936400281	112.360083687	0.960521187884
CMTSOLUTION_201001090551A	NOT FOUND	NOT FOUND	26.1690155479	-0.0361870884675
CMTSOLUTION_201001171200A	1.18944824832	0.0245039342495	165.303150533	0.984450555523
CMTSOLUTION_201001181556A	1.01337338866	0.0847229203583	164.31495166	-0.968348727793
CMTSOLUTION_201001220046A	1.58036973839	0.383468265826	69.5581552765	0.66996086249
CMTSOLUTION_201002012228A	0.776841444537	0.0671029549462	183.544238175	0.980296549163
CMTSOLUTION_201002050659A	0.749389413371	0.00812075553839	164.981793204	0.933480891762
CMTSOLUTION_201002060444A	0.966956847759	0.0698346566703	340.153651976	0.983321603203
CMTSOLUTION_201002070610A	1.16284503281	0.0793315864116	298.014191063	0.607630029925
CMTSOLUTION_201002112156A	0.00288642559675	0.000487519019021	232.041971117	0.833640704018
CMTSOLUTION_201002152151A	1.36723694254	0.0470172866892	176.897412991	0.780006333666
CMTSOLUTION_201002180113A	NOT FOUND	NOT FOUND	793.92881193	0.400438169429
CMTSOLUTION_201002231025A	NOT FOUND	NOT FOUND	20.0014378607	-0.263328742178
CMTSOLUTION_201002262031A	1.13032015897	0.133986778869	4798.5603578	0.88332384588
CMTSOLUTION_201002271545A	0.957082117747	0.0136512839038	9.42993676512	0.982121905503
CMTSOLUTION_201002271900A	0.988194030392	0.0553780980029	15.4788217274	0.971408764577
CMTSOLUTION_201002281125A	0.831590520619	0.0207064584629	214.094476147	0.991808711109
CMTSOLUTION_201003031744A	1.03472639974	0.11326715238	80.268118636	0.964147350975
CMTSOLUTION_201003040018A	1.58392071775	0.175055500525	158.205655528	0.655282400045
CMTSOLUTION_201003040159A	1.67323445335	0.185325122626	8.63759192456	-0.667354321314
CMTSOLUTION_201003042239A	0.943537491329	0.00748841475425	411.533108972	0.99442324821
CMTSOLUTION_201003050919A	1.01194076707	0.0878881596957	100.716547323	0.980336102162
CMTSOLUTION_201003051147A	1.01945404453	0.1103485262	252.374837481	0.974389495174
CMTSOLUTION_201003051606A	0.977056841441	0.0139751586518	230.314760964	0.90408022635
CMTSOLUTION_201003070705A	1.04778518253	0.0315526745998	67.9907759497	0.969663776712
CMTSOLUTION_201003080232A	1.47422458326	0.130117537215	909.823448279	0.821721413908
CMTSOLUTION_201003080747A	1.50459604175	0.126730980502	106.721330174	0.881544682531
CMTSOLUTION_201003080947A	1.52102400651	0.219763287182	19.2793535386	-0.860005857609
CMTSOLUTION_201003081112A	NOT FOUND	NOT FOUND	13.0845704882	0.131835985449
CMTSOLUTION_201003111439A	0.838062598788	0.0912356424787	5371.946063	0.944615395518
CMTSOLUTION_201003111455A	0.83520040817	0.0912000515428	6727.98936442	0.935217160731
CMTSOLUTION_201003140057A	0.805612772695	0.110946949509	234.151125962	0.939777017922
CMTSOLUTION_201003140808A	1.69859223308	0.306318526039	1100.25918026	0.930981745899
CMTSOLUTION_201003151108A	0.811827415521	0.0540203856129	46.8404784007	0.927073172353
CMTSOLUTION_201003160221A	1.02968102724	0.0880777333119	1311.02084959	0.981169611186
CMTSOLUTION_201003201400A	NOT FOUND	NOT FOUND	248.596612312	0.529951716367
CMTSOLUTION_201003241411A	1.41257359962	0.143720739791	28.0917784931	0.81419731823
CMTSOLUTION_201003250529A	0.777937603656	0.0672782602316	90.3952130302	0.663813890465
CMTSOLUTION_201003261452A	0.95747439698	0.0182640624537	186.743079275	0.982418522053
CMTSOLUTION_201003282138A	1.01730543846	0.121589404476	17.5554811448	0.818406236289
CMTSOLUTION_201003301654A	1.10632055881	0.351495182228	386.148091569	0.740428273669
CMTSOLUTION_201004022258A	0.960421877575	0.0173089393527	128.875847679	0.979783194278
CMTSOLUTION_201004042240A	1.06773250184	0.106673124197	2053.63380544	0.930741092298
CMTSOLUTION_201004051005A	1.01566929395	0.123223823666	100.830091804	0.963010941728
CMTSOLUTION_201004062215A	1.0492578436	0.0810687854204	7047.3466138	0.953000335014
CMTSOLUTION_201004071433A	NOT FOUND	NOT FOUND	43.5242444508	0.514545536476
CMTSOLUTION_201004110940A	1.02568684526	0.0239140253246	565.60167071	-0.898070908293
CMTSOLUTION_201004112208A	NOT FOUND	NOT FOUND	310.954755499	0.0800481594481
CMTSOLUTION_201004132349A	1.3410533793	0.235268372325	2289.53705305	0.892374253677
CMTSOLUTION_201004140125A	NOT FOUND	NOT FOUND	5.96879716703	-0.445415448197
CMTSOLUTION_201004172315A	0.970322269164	0.041363751574	358.77002346	0.986521902871
CMTSOLUTION_201004231003A	0.963959557577	0.0207865570641	204.768739667	0.979842985801
CMTSOLUTION_201004240741A	0.736507583794	0.179814669001	73.8773844391	0.70609122646
CMTSOLUTION_201004260259A	1.05035086868	0.22519586076	575.822446027	0.870662663184
CMTSOLUTION_201004302311A	0.904929149396	0.0662594837494	4891.43834392	0.988867149228
CMTSOLUTION_201004302316A	0.904544253851	0.0656523968482	4994.01497635	0.990707632723
CMTSOLUTION_201005031027A	1.49616761306	0.0790374231651	162.284166009	0.962537448879
CMTSOLUTION_201005032309A	0.922733185302	0.0667338156457	180.471314822	0.966876781656
CMTSOLUTION_201005051629A	0.955605162598	0.0107659292854	192.657154085	0.847544998421
CMTSOLUTION_201005060242A	1.04463348943	0.128253522897	213.360519149	0.934179077053
CMTSOLUTION_201005090559A	0.818660374433	0.0651333802623	3984.19479364	0.764967286531
CMTSOLUTION_201005141229A	0.884647103226	0.0703666219827	81.4711685884	0.98221045044
CMTSOLUTION_201005160652A	1.13866037661	0.171530418835	12.0157309477	0.925345866685
CMTSOLUTION_201005190415A	1.11777736788	0.0127479294559	100.424498488	0.982384541513
CMTSOLUTION_201005232246A	1.05795898463	0.0404308131946	193.985777539	0.988581435685
CMTSOLUTION_201005241618A	NOT FOUND	NOT FOUND	290.122840062	-0.5896906606
CMTSOLUTION_201005251009A	1.05259484363	0.0668074061545	1125.17292753	0.987505208833
CMTSOLUTION_201005260853A	1.62614048939	0.0478299226271	987.848452381	0.935236457113
CMTSOLUTION_201005311951A	1.39050234847	0.101318790919	324.970099767	0.98760231976
CMTSOLUTION_201006010326A	1.0355384271	0.0607362279003	166.436183293	0.971996791344
CMTSOLUTION_201006121926A	0.846762726227	0.102406639821	15775.7243552	0.693960206367
CMTSOLUTION_201006160306A	1.78784474198	0.0485164043847	1815.82970452	0.983770001162
CMTSOLUTION_201006160316A	1.78742842854	0.0511028320286	1873.54647373	0.981092538505
CMTSOLUTION_201006160358A	1.78644111585	0.0459281860157	451.906632108	0.971169918277
CMTSOLUTION_201006180223A	1.804051758	0.155235304229	359.280041126	0.96230238408
CMTSOLUTION_201006240532A	1.30599629194	0.0546557305615	54.5943990073	0.982790579034
CMTSOLUTION_201006260530A	0.935716587492	0.0135232719415	2081.67119615	0.983741064168
CMTSOLUTION_201006300722A	1.03973452557	0.0670580384653	101.271620643	0.991915321353
CMTSOLUTION_201007042155A	1.12342920851	0.0534763948331	181.016609485	0.955618628633
CMTSOLUTION_201007101143A	1.45108120923	0.0505067755492	502.980381467	0.990910437673
CMTSOLUTION_201007120011A	0.960868821326	0.0221202948956	825.383218746	0.982456321207
CMTSOLUTION_201007140832A	1.05374345236	0.0745497911714	527.792392974	0.971639632376
CMTSOLUTION_201007161853A	NOT FOUND	NOT FOUND	20.0850409011	0.258961675643
CMTSOLUTION_201007180556A	0.642931838107	0.055259150096	728.404755962	0.934974619752
CMTSOLUTION_201007181304A	0.803163802972	0.060247097482	4185.08038669	0.967353912778
CMTSOLUTION_201007181335A	0.806178754581	0.0651792107069	4961.67054082	0.973897533804
CMTSOLUTION_201007181948A	1.09474314835	0.100159299204	18.50718296	0.958705671725
CMTSOLUTION_201007201918A	0.663890163689	0.288970291959	310.921210456	0.859512890929
CMTSOLUTION_201007210916A	1.07144893796	0.0562005459589	104.161380938	0.921110770985
CMTSOLUTION_201007232208A	NOT FOUND	NOT FOUND	3447.47655321	-0.504036513374
CMTSOLUTION_201007232251A	NOT FOUND	NOT FOUND	163.820339389	-0.490799235202
CMTSOLUTION_201007232315A	NOT FOUND	NOT FOUND	24.1275132087	-0.436771224531
CMTSOLUTION_201007240535A	1.80739847455	0.140765245778	19.6002612664	-0.644394755733
CMTSOLUTION_201007290731A	NOT FOUND	NOT FOUND	124.165162968	0.216708462859
CMTSOLUTION_201007300356A	0.85870123651	0.0669147020325	473.413662144	0.97959711146
CMTSOLUTION_201008031208A	0.805813427777	0.0795576299737	427.043468722	0.860725490694
CMTSOLUTION_201008040715A	0.911022037969	0.0984379172062	120.887214539	0.851795937769
CMTSOLUTION_201008041258A	0.978897963217	0.0876661921803	729.262931744	0.979037866094
CMTSOLUTION_201008042201A	1.72855966196	0.148110860706	2091.70511919	-0.925834623954
CMTSOLUTION_201008121154A	0.510610973118	0.0868453490557	3284.99061102	0.86712403357
CMTSOLUTION_201008132119A	0.804198150726	0.0297412121022	3686.83854633	0.771128648125
CMTSOLUTION_201008140730A	1.02138539673	0.0985569170717	429.709137413	0.895656245016
CMTSOLUTION_201008142301A	0.773093014039	0.0450369292054	314.572169303	0.875324770582
CMTSOLUTION_201008151509A	1.13453802312	0.0348116249622	106.059413233	0.964512673644
CMTSOLUTION_201008160330A	0.910777867319	0.121455261482	174.892490583	0.764922697009
CMTSOLUTION_201008181628A	0.972695664814	0.0826702043864	257.403432504	0.899239805614
CMTSOLUTION_201008201756A	0.898296490731	0.0287105069414	50.0618200729	0.969430177352
CMTSOLUTION_201008221023A	NOT FOUND	NOT FOUND	32.6335524628	0.278234637015
CMTSOLUTION_201008240212A	1.04668360311	0.102190204722	117.202346021	0.930575106468
CMTSOLUTION_201009031116A	0.889063301813	0.0548394602434	1722.5555587	0.982304637171
CMTSOLUTION_201009090728A	1.01082192363	0.0271117481958	60.6141779734	0.981683447678
CMTSOLUTION_201009171921A	NOT FOUND	NOT FOUND	99.963010871	0.370354843544
CMTSOLUTION_201009261212A	2.09141846687	0.115826392169	35.3069036775	-0.77208933434
CMTSOLUTION_201009270008A	0.984875372658	0.0630553659932	191.780846791	0.989833806237
CMTSOLUTION_201009291711A	1.80536426654	0.213938177293	1282.55043388	0.726394138781
CMTSOLUTION_201010031521A	1.28297371806	0.0072856403054	23.8083169692	0.806123693596
CMTSOLUTION_201010041328A	1.316095811	0.0793010606342	153.917631154	0.87028726644
CMTSOLUTION_201010080326A	0.910038570896	0.0628446195639	1153.57662668	0.985744093631
CMTSOLUTION_201010080349A	0.908125983954	0.0646314061475	1320.27910171	0.988119129563
CMTSOLUTION_201010080543A	1.06420964852	0.0603916540911	9.36350727481	0.930585460715
CMTSOLUTION_201010211753A	1.15480069412	0.0480002970582	1578.3369952	0.660986737573
CMTSOLUTION_201010251442A	1.80865819198	0.0507535225363	992.317010377	0.985713350208
CMTSOLUTION_201010251937A	1.06539135436	0.0376932179678	19.2126451859	0.866042798213
CMTSOLUTION_201011030056A	NOT FOUND	NOT FOUND	49.1576479114	0.375279580779
CMTSOLUTION_201011030251A	0.873589288377	0.0316288928815	96.0651122849	0.958776179973
CMTSOLUTION_201011031118A	NOT FOUND	NOT FOUND	62.1898749411	0.386782329487
CMTSOLUTION_201011031813A	2.95400737446	0.173161234767	26.9782615067	0.817608006016
CMTSOLUTION_201011100405A	1.33789477169	0.234318602726	192.728614666	0.917797935562
CMTSOLUTION_201011230901A	1.12249766109	0.143590840877	177.773327849	0.952990823846
CMTSOLUTION_201011300324A	1.25303561005	0.0258230785549	250.114749425	0.662344963794
CMTSOLUTION_201012020312A	1.32603563386	0.119945774066	656.197168287	0.917189862321
CMTSOLUTION_201012080524A	1.2173937908	0.117832057005	230.290856201	0.951757714565
CMTSOLUTION_201012130114A	1.22614335885	0.0531919562108	84.5541941052	0.863583041634
CMTSOLUTION_201012151129A	1.68196848921	0.206635296946	33.8564448086	0.66585175317
CMTSOLUTION_201012201841A	1.40537078242	0.217317324595	457.358068642	0.788592405277
CMTSOLUTION_201012211719A	1.23333573808	0.0524921976206	10219.6048076	0.77127396955
CMTSOLUTION_201012222149A	NOT FOUND	NOT FOUND	77.7388011172	0.556134121521
CMTSOLUTION_201012231400A	2.85231715211	0.0500093333576	371.241559226	-0.695028808227
CMTSOLUTION_201101010956A	1.09229013987	0.0545462262426	1522.7587132	-0.853772369192
CMTSOLUTION_201101022020A	0.892070347007	0.0458479564665	2582.50883551	0.985383073086
CMTSOLUTION_201101122132A	0.855886050257	0.0621708666416	108.771994927	0.6139438766
CMTSOLUTION_201101171920A	0.967222050156	0.087702829559	67.7057083561	0.910183749172
CMTSOLUTION_201101182023A	0.704404771892	0.0161957482843	52848.0235604	0.945094126289
CMTSOLUTION_201101190917A	1.1710592114	0.224307366663	33.1280677375	0.738540719425
CMTSOLUTION_201101240245A	1.33300269682	0.0412815708262	79.4262023715	0.976365452927
CMTSOLUTION_201101261542A	0.909341091002	0.0458904223433	90.8166970273	0.946383773331
CMTSOLUTION_201101270838A	1.12874788857	0.107656868358	843.59019493	0.701366358236
CMTSOLUTION_201101290655A	0.915267664863	0.0783172331765	2557.00735287	0.981690800642
CMTSOLUTION_201102041353A	1.02403793515	0.0473007415663	648.26701199	0.993547975198
CMTSOLUTION_201102071953A	2.17394560533	0.663843386647	88.4695033273	0.962118762755
CMTSOLUTION_201102101439A	0.565684629208	0.00903970296911	211.822199301	0.945942504785
CMTSOLUTION_201102101441A	0.557900019091	0.00806916025438	296.07220318	0.930162010031
CMTSOLUTION_201102112005A	1.03580712177	0.0889253601897	3219.46355216	0.975966411486
CMTSOLUTION_201102112339A	1.08803402922	0.0820317080566	11.6282322374	0.944104129564
CMTSOLUTION_201102120117A	1.00503933258	0.0929692273352	17.3928606637	0.906902831926
CMTSOLUTION_201102140340A	NOT FOUND	NOT FOUND	50.3929833409	0.555049847476
CMTSOLUTION_201102151333A	NOT FOUND	NOT FOUND	129.619846346	0.214353559051
CMTSOLUTION_201102202143A	0.951498854358	0.0485923530414	429.240301437	0.973468675104
CMTSOLUTION_201102251307A	1.09087763884	0.108703032521	83.5282852422	0.991064431276
CMTSOLUTION_201103010053A	0.963610437633	0.0179423333149	47.7515369229	0.947005695052
CMTSOLUTION_201103061231A	0.435321372164	0.0124454507102	171.899696493	0.891371634007
CMTSOLUTION_201103061432A	0.987870902333	0.0551954442956	47.5063372056	0.975647446358
CMTSOLUTION_201103070009A	0.989145463816	0.0908606463706	226.395778996	0.944753395635
CMTSOLUTION_201103090245A	1.42718257693	0.196901515596	9352.90090745	0.928182546028
CMTSOLUTION_201103091816A	NOT FOUND	NOT FOUND	18.925910047	-0.134912148797
CMTSOLUTION_201103092124A	NOT FOUND	NOT FOUND	188.939367298	0.332051449395
CMTSOLUTION_201103092124B	NOT FOUND	NOT FOUND	184.569026846	-0.329732324685
CMTSOLUTION_201103101708A	2.14304370134	0.324786807591	211.933960549	-0.743200191706
CMTSOLUTION_201103110546A	1.0027870103	0.0140827720744	541438.365623	-0.958947483409
CMTSOLUTION_201103110615A	1.00209833632	0.016172841577	13524.4926808	-0.98168394525
CMTSOLUTION_201103110625A	1.00628129168	0.0160655854957	115.925716131	-0.981200999257
CMTSOLUTION_201103111859A	1.22177307137	0.0663417598292	48.0405154191	0.964068328415
CMTSOLUTION_201103111902A	1.05950835052	0.0642685910297	46.6002935577	0.935674974388
CMTSOLUTION_201103111946A	1.16854847147	0.0623132767454	36.6624737789	0.983803380534
CMTSOLUTION_201103112011A	1.13939923683	0.0743872978684	7.0104809082	0.975116901862
CMTSOLUTION_201103120147A	1.16518878219	0.0328670071553	342.219929312	-0.929466239415
CMTSOLUTION_201103121315A	1.47541840819	0.407046436858	135.472870409	0.848189083946
CMTSOLUTION_201103130126A	0.98551300664	0.152466910739	85.6837328498	0.881178065016
CMTSOLUTION_201103140612A	1.25651507836	0.0178729300228	97.371966545	-0.899248557473
CMTSOLUTION_201103151327A	2.04038860735	0.271225414785	191.780448458	0.836139480292
CMTSOLUTION_201103151331A	2.24846177544	0.303862153387	196.945915072	0.818822868392
CMTSOLUTION_201103151523A	1.96240318981	0.242543207217	59.4510559402	0.85449470834
CMTSOLUTION_201103170413A	1.12807766517	0.0395037203397	23.4380994393	0.979773712636
CMTSOLUTION_201103200826A	3.06264929363	0.160479099939	55.8267401659	-0.826935182663
CMTSOLUTION_201103220718A	1.12610175199	0.19836389306	710.476255001	0.662517844105
CMTSOLUTION_201103220919A	NOT FOUND	NOT FOUND	48.562335319	0.455862429522
CMTSOLUTION_201103220944A	NOT FOUND	NOT FOUND	106.767486807	0.369957297735
CMTSOLUTION_201103241355A	NOT FOUND	NOT FOUND	8704.77232161	-0.31489192935
CMTSOLUTION_201103251136A	1.56671667602	0.0916906680292	267.400303608	0.929844362837
CMTSOLUTION_201103272223A	1.16815476103	0.00800349452687	326.847876598	-0.992847846752
CMTSOLUTION_201103291054A	1.27220827672	0.00489902817034	340.813085785	-0.958151967183
CMTSOLUTION_201103310715A	1.51364317021	0.124951582039	145.077227082	0.921967015557
CMTSOLUTION_201104011329A	0.819667373814	0.115911452379	63.1424689154	0.897784830405
CMTSOLUTION_201104032006A	1.27680656274	0.0624033426505	487.830524511	0.731349215479
CMTSOLUTION_201104071311A	NOT FOUND	NOT FOUND	5195.53145576	-0.345466600217
CMTSOLUTION_201104071432A	1.29115717543	0.096755573008	62.3839291492	-0.950312277467
CMTSOLUTION_201104091257A	1.85719307133	0.0362426531576	74.9621461694	-0.870706696751
CMTSOLUTION_201104110816A	0.997924104564	0.106909171223	1143.34902043	0.948621811338
CMTSOLUTION_201104112308A	1.67015311499	0.0415136408854	338.427839955	-0.642544929498
CMTSOLUTION_201104131957A	NOT FOUND	NOT FOUND	378.500705395	0.588116546179
CMTSOLUTION_201104211337A	NOT FOUND	NOT FOUND	176.754434697	0.473196404981
CMTSOLUTION_201104230416A	1.00174582278	0.035593837707	2887.90662385	0.995706428788
CMTSOLUTION_201104231012A	1.07627978272	0.0177399081843	73.3719909707	-0.990435711554
CMTSOLUTION_201104242307A	NOT FOUND	NOT FOUND	1488.81909364	-0.135932172728
CMTSOLUTION_201104300819A	1.09115430641	0.119030082756	154.686163412	0.970551947865
CMTSOLUTION_201105061620A	1.10167209157	0.0862659477998	51.8235442278	0.980576918422
CMTSOLUTION_201105080650A	0.745735148786	0.100334816002	97.450903137	0.877124398156
CMTSOLUTION_201105111647A	1.17388512712	0.0775287602602	54.0347108851	0.817015811539
CMTSOLUTION_201105132247A	3.21973835571	1.41360158996	405.44741454	-0.668683522249
CMTSOLUTION_201105132335A	1.56639934974	0.463114768219	75.903169094	0.789119740252
CMTSOLUTION_201105142107A	NOT FOUND	NOT FOUND	433.013706791	0.0432630491543
CMTSOLUTION_201105151308A	0.855301644607	0.01931078643	192.826791188	0.966831086305
CMTSOLUTION_201105151837A	0.804419092138	0.0911068393328	414.256595154	0.977184924466
CMTSOLUTION_201105192015A	NOT FOUND	NOT FOUND	251.488905175	-0.508212385103
CMTSOLUTION_201105280547A	1.09460765023	0.0244551013325	15.3086443573	0.8162863422
CMTSOLUTION_201106011255A	1.05729121348	0.0316427675519	133.342629071	0.943169161559
CMTSOLUTION_201106030005A	1.13604121864	0.0279222938695	732.060325692	-0.892373851343
CMTSOLUTION_201106131431A	1.31168796213	0.132738472005	422.896739613	0.909791664141
CMTSOLUTION_201106160003A	1.46494828074	0.186223907296	2919.89575842	0.873803504175
CMTSOLUTION_201106201635A	1.08173636703	0.0168158433276	1003.40198169	0.986961158914
CMTSOLUTION_201106210204A	1.41628368986	0.0741473172112	78.841123316	0.900937411941
CMTSOLUTION_201106222150A	1.16797167429	0.041083267412	1366.6006823	0.942615346962
CMTSOLUTION_201106230734A	NOT FOUND	NOT FOUND	1948.34421762	-0.0546634418629
CMTSOLUTION_201106240309A	0.865968687085	0.0460723272945	21724.6904032	0.99010941439
CMTSOLUTION_201106261216A	1.55062087991	0.031567632585	334.686001818	0.939105334792
CMTSOLUTION_201107100057A	1.14711812337	0.0930307518517	1504.02155182	-0.760858853998
CMTSOLUTION_201107112047A	1.21011980783	0.0582814837993	840.072426114	0.967247453697
CMTSOLUTION_201107151326A	0.728533496039	0.0282681168907	35.5572703767	0.922960220076
CMTSOLUTION_201107160026A	0.976876622039	0.0219937581804	114.062264652	0.972477296824
CMTSOLUTION_201107161959A	1.25681532065	0.0915531403704	59.1442917946	0.945871524075
CMTSOLUTION_201107190713A	NOT FOUND	NOT FOUND	16.4409755778	0.330741876209
CMTSOLUTION_201107191935A	2.3572899712	0.0315480311228	324.599739569	-0.753116180749
CMTSOLUTION_201107202204A	1.14785266317	0.0916278668737	64.1778057772	0.940435433253
CMTSOLUTION_201107230434A	1.51242956952	0.109024095926	285.989987452	0.916297357472
CMTSOLUTION_201107241851A	1.45101409271	0.317595783261	461.698580087	0.881580605704
CMTSOLUTION_201107250050A	1.05478725849	0.120486844351	611.050267865	0.96156488795
CMTSOLUTION_201107251757A	0.868586864946	0.165617319751	107.113284934	0.944142616695
CMTSOLUTION_201107261744A	NOT FOUND	NOT FOUND	72.8334225184	0.403710542431
CMTSOLUTION_201107301853A	NOT FOUND	NOT FOUND	1137.00533503	0.157819200358
CMTSOLUTION_201107312338A	1.25652470901	0.0550003849629	2291.85515255	0.813497981683
CMTSOLUTION_201108041351A	0.840976573822	0.0290444063993	223.082917778	0.963988842573
CMTSOLUTION_201108071435A	NOT FOUND	NOT FOUND	12.2653185475	0.539491403969
CMTSOLUTION_201108102345A	1.19461647721	0.0190892842262	839.86792932	0.965965654626
CMTSOLUTION_201108161103A	0.745144494549	0.039135450281	68.0231025468	0.72395252938
CMTSOLUTION_201108171144A	1.18347741647	0.29317382018	508.151805251	0.778571852383
CMTSOLUTION_201108190536A	1.31720978854	0.0813624695207	31.6026388718	-0.970697373982
CMTSOLUTION_201108222012A	0.679351355192	0.00689455620113	99.6744503251	0.771506416253
CMTSOLUTION_201108241746A	1.27817034102	0.0835052309173	1290.67118336	0.981394066007
CMTSOLUTION_201108300657A	0.869214037396	0.154917940702	910.738656426	-0.663102176895
CMTSOLUTION_201108311217A	1.00236674344	0.0730281660307	61.9682478881	0.965177303341
CMTSOLUTION_201109021055A	1.04343154878	0.0656859505382	2731.25939138	0.977599054225
CMTSOLUTION_201109021347A	1.40188985283	0.0396657427656	15.7025082342	-0.875956609753
CMTSOLUTION_201109030449A	0.975923312513	0.0493067363547	1354.42126142	0.993917093751
CMTSOLUTION_201109051755A	0.95862415951	0.0746184394386	336.362595656	0.739036812112
CMTSOLUTION_201109091941A	1.00349939846	0.0125589369774	2005.19921205	0.992185962535
CMTSOLUTION_201109141810A	1.18419674429	0.131524175994	218.84180148	0.970748635378
CMTSOLUTION_201109150800A	1.23119890624	0.0139825141222	268.670575502	-0.811744259706
CMTSOLUTION_201109161926A	1.81229962922	0.140963460204	2094.7200084	0.960369628459
CMTSOLUTION_201109162108A	1.39007437484	0.109561109151	5.37359125701	0.889182076491
CMTSOLUTION_201109181240A	NOT FOUND	NOT FOUND	2672.91738381	0.583759678487
CMTSOLUTION_201109220322A	1.12049016275	0.0881792519996	520.987972114	0.964884517918
CMTSOLUTION_201110052352A	0.991703434896	0.0676429585126	431.418502894	0.977793192632
CMTSOLUTION_201110060003A	0.991468491442	0.0692508478994	428.673380514	0.985636576397
CMTSOLUTION_201110060039A	0.987835494007	0.0636094228417	36.6792698668	0.989835076393
CMTSOLUTION_201110130316A	NOT FOUND	NOT FOUND	172.216109917	0.416864732561
CMTSOLUTION_201110140335A	0.752724073581	0.132082836118	656.513541203	0.898457237448
CMTSOLUTION_201110140610A	0.869827169183	0.0220628750931	18.9880084534	0.981247164796
CMTSOLUTION_201110180505A	1.82793868579	0.232190109406	115.17751721	-0.8109256386
CMTSOLUTION_201110210802A	0.830852183438	0.114943701159	95.3888581758	0.786731636236
CMTSOLUTION_201110231041A	2.59384247891	0.127667545195	26854.6954757	0.605244758187
CMTSOLUTION_201110231810A	1.58540207209	0.0440819614332	110.192154245	0.738584238268
CMTSOLUTION_201110232045A	1.54548172883	0.0319077343746	275.739609736	0.802247247959
CMTSOLUTION_201110251455A	NOT FOUND	NOT FOUND	139.855281946	0.543316305144
CMTSOLUTION_201110270804A	1.15730609802	0.285490001102	17.8807045133	-0.749945936386
CMTSOLUTION_201110281854A	1.03227522172	0.0576955600227	2211.48634475	0.956598062938
CMTSOLUTION_201110292224A	NOT FOUND	NOT FOUND	17.444714414	-0.433325592267
CMTSOLUTION_201111011232A	1.07055118355	0.0697642651417	462.016717102	0.982068922054
CMTSOLUTION_201111072235A	0.432881927723	0.0376891738888	79.3867498375	0.914159027093
CMTSOLUTION_201111080259A	1.07254421813	0.0659151889356	2157.06570773	0.979830130177
CMTSOLUTION_201111082205A	1.09496309458	0.165097102772	26.4969688627	-0.771563382309
CMTSOLUTION_201111091923A	1.39022101271	0.125948588634	346.433385881	0.914793788017
CMTSOLUTION_201111140405A	NOT FOUND	NOT FOUND	390.309315646	0.539839362637
CMTSOLUTION_201111142208A	1.44869235441	0.119445724506	17.1560816997	-0.625894665968
CMTSOLUTION_201111170157A	0.834653119718	0.103575160425	93.3285187182	0.754025706537
CMTSOLUTION_201111180600A	1.10956987546	0.0649045982029	86.9121037374	0.981218922045
CMTSOLUTION_201111221848A	1.28051927308	0.0173202350053	378.370804123	-0.913939216873
CMTSOLUTION_201111231217A	0.894965066314	0.074410121324	193.964485136	0.984917476692
CMTSOLUTION_201111231924A	1.65397114788	0.465962964169	221.927593319	0.828802549432
CMTSOLUTION_201111241025A	1.1368492862	0.0742637915434	199.569625205	0.833736693031
CMTSOLUTION_201111281226A	0.664409997758	0.190550647315	120.627984563	0.840440181176
CMTSOLUTION_201111300027A	0.683708511116	0.126372436276	151.980811574	0.919346862709
CMTSOLUTION_201111300047A	1.06845637793	0.0920927240752	133.39606585	0.633666570063
CMTSOLUTION_201112012135A	1.14153978678	0.069131145668	28.7279233552	0.975030798799
CMTSOLUTION_201112072223A	0.978254408052	0.0507037826282	102.398321827	0.966521804827
CMTSOLUTION_201112110147A	1.04705953002	0.0801544267511	575.690178999	0.983719835916
CMTSOLUTION_201112110954A	0.953977931985	0.0444403356463	385.693072628	0.989394227285
CMTSOLUTION_201112130752A	1.09346621755	0.269244625987	39.5296982458	0.761998312037
CMTSOLUTION_201112140504A	1.06999849243	0.0304609220814	698.519063533	0.748432289349
CMTSOLUTION_201112271521A	0.996709987236	0.0449588197491	6262.52323794	0.994959812383
CMTSOLUTION_201201010527A	NOT FOUND	NOT FOUND	194.751774057	0.328680922865
CMTSOLUTION_201201101837A	0.728631181045	0.0476967081932	4546.26526422	0.757153675169
CMTSOLUTION_201201151340A	1.11257468027	0.0633524699105	559.046892241	0.956963718026
CMTSOLUTION_201201151421A	1.12820884362	0.0752343990663	484.328119854	0.951728016145
CMTSOLUTION_201201211847A	1.02061416128	0.0718642028988	349.499963924	0.970088311639
CMTSOLUTION_201201231604A	1.02499661882	0.0615788586712	253.677790459	0.96570997075
CMTSOLUTION_201201260424A	NOT FOUND	NOT FOUND	91.8814531251	0.0619743802612
CMTSOLUTION_201201270133A	0.936058153974	0.0808762703281	176.944305513	0.944260130659
CMTSOLUTION_201201300511A	1.13319465568	0.0909822010622	637.773749401	0.981172937114
CMTSOLUTION_201202061010A	0.784797221532	0.0408653756353	9.66657733739	0.96270686565
CMTSOLUTION_201202140134A	NOT FOUND	NOT FOUND	49.7020788762	0.511931542574
CMTSOLUTION_201202140819A	1.00653727953	0.0643930955523	170.427415463	0.987522443038
CMTSOLUTION_201202260617A	1.13705843218	0.0352299657442	2452.58356885	0.978900474357
CMTSOLUTION_201203040331A	0.557573723413	0.0655160158102	33.7026279648	-0.684946879026
CMTSOLUTION_201203050746A	1.73724276457	0.0234637567876	22.691939467	-0.91384025066
CMTSOLUTION_201203140908A	0.93328933921	0.0743247624409	7180.0063152	0.993842351713
CMTSOLUTION_201203141049A	1.13292551601	0.264596286942	5.41843210954	0.869407437741
CMTSOLUTION_201203141205A	1.0783353345	0.00946744788023	5.73192930352	-0.870051185923
CMTSOLUTION_201203142113A	1.12293630021	0.0621334666175	215.106581867	0.894317336191
CMTSOLUTION_201203201756A	0.77074195643	0.0365518439181	6830.71724827	-0.928248141759
CMTSOLUTION_201203201802A	1.02955158489	0.0392652473719	6442.2689475	0.953244621891
CMTSOLUTION_201203252237A	0.850028234013	0.0475056777225	1625.33273471	0.989759704215
CMTSOLUTION_201203261035A	1.74948897403	0.102324509568	11.3746844364	0.755511565571
CMTSOLUTION_201203261812A	1.07294711071	0.0564000393547	32.0653989083	0.988837409531
CMTSOLUTION_201203271100A	NOT FOUND	NOT FOUND	37.1483803036	-0.122484242339
CMTSOLUTION_201204021736A	1.13144268589	0.0881281774644	163.933639584	0.986415067444
CMTSOLUTION_201204061615A	0.950007189086	0.0113087146348	128.341464663	-0.966460949666
CMTSOLUTION_201204112241A	1.2265649194	0.0654108463919	253.448033401	0.978372787072
CMTSOLUTION_201204112255A	0.895936006382	0.0980487428143	241.545617763	0.9681343184
CMTSOLUTION_201204120706A	0.669883280379	0.133754753697	2128.23890168	0.640933507989
CMTSOLUTION_201204120715A	0.723232649454	0.117099205723	3582.62101413	0.714686878897
CMTSOLUTION_201204141056A	1.22638242726	0.022383167474	257.227956238	0.987275078277
CMTSOLUTION_201204150557A	0.787037816847	0.0882384134534	240.40876686	0.863192694506
CMTSOLUTION_201204161123A	1.0443196639	0.200095686743	45.7695241995	0.673008700722
CMTSOLUTION_201204170350A	1.00057595713	0.0140732834856	1439.73347398	0.984742108916
CMTSOLUTION_201204170713A	1.36891526926	0.127660829017	114.314331436	0.88479404296
CMTSOLUTION_201204171903A	1.03870977322	0.0130964968833	148.736146309	0.911800552685
CMTSOLUTION_201204200121A	1.05654943318	0.102132032152	17.0176407071	0.885786577157
CMTSOLUTION_201204210116A	1.61722617018	0.521012086523	595.754875165	0.773659030973
CMTSOLUTION_201204210125A	1.66552382543	0.475605278808	671.650854922	0.826837657688
CMTSOLUTION_201205012243A	1.174961834	0.0849894179891	173.237916786	0.982507279843
CMTSOLUTION_201205031009A	0.852135053712	0.0428126516519	20.2451568203	0.855654328362
CMTSOLUTION_201205031520A	NOT FOUND	NOT FOUND	28.5582159063	0.301405203523
CMTSOLUTION_201205070440A	NOT FOUND	NOT FOUND	198.444095364	0.44774728532
CMTSOLUTION_201205071415A	1.31711285512	0.0907173059726	46.4685904147	0.864912298406
CMTSOLUTION_201205141000A	0.991723011192	0.0257653832907	192.455846929	0.953503707727
CMTSOLUTION_201205180200A	0.761276703901	0.0656417005144	769.997796793	0.970961593267
CMTSOLUTION_201205200719A	3.01436302106	0.511774154457	416.603484177	0.756606601889
CMTSOLUTION_201205220000A	NOT FOUND	NOT FOUND	74.812593259	0.570044485889
CMTSOLUTION_201205231502A	0.920524851365	0.0141260356739	206.401295852	0.992240983045
CMTSOLUTION_201205242247A	0.88330611223	0.0687204231902	2519.24222363	0.986204994749
CMTSOLUTION_201205262148A	0.91529989608	0.0653676499408	11.0057980311	0.723476885217
CMTSOLUTION_201205280507A	1.14659821259	0.0543096860914	726.645410154	-0.780753423786
CMTSOLUTION_201206020752A	1.10771825339	0.00697467964828	50.9096390173	-0.692685900484
CMTSOLUTION_201206040045A	1.02146275549	0.140220846631	279.196270316	0.964604707072
CMTSOLUTION_201206040315A	1.36763554266	0.179627241615	29.7435464737	0.931996124559
CMTSOLUTION_201206051931A	NOT FOUND	NOT FOUND	468.224203583	0.409162256392
CMTSOLUTION_201206070405A	0.968660950403	0.0621670465897	331.352121189	0.989891339237
CMTSOLUTION_201206071603A	0.694419841047	0.0579467622664	27.7040070096	0.889714667551
CMTSOLUTION_201206072054A	1.65764205647	0.149053163195	31.272861427	0.960787634966
CMTSOLUTION_201206101244A	NOT FOUND	NOT FOUND	538.373870003	0.111410795882
CMTSOLUTION_201206140552A	1.76778487855	0.133943445062	19.6956646904	0.878219769455
CMTSOLUTION_201206172032A	1.55580077729	0.0896218996655	481.563848232	0.935978956319
CMTSOLUTION_201206191556A	1.13696678601	0.0766815793933	152.997652958	0.965532608356
CMTSOLUTION_201206230434A	NOT FOUND	NOT FOUND	78.3057432291	0.492446601971
CMTSOLUTION_201206240315A	1.08220915677	0.0559685407002	257.321638705	0.916630411991
CMTSOLUTION_201206251305A	NOT FOUND	NOT FOUND	20.9395762451	0.0795258216361
CMTSOLUTION_201206292107A	NOT FOUND	NOT FOUND	856.505178123	-0.485856858677
CMTSOLUTION_201207081133A	0.874833502302	0.0984546785946	131.534125226	0.830503870249
CMTSOLUTION_201207091355A	1.22875649846	0.108694455097	48.9337944778	0.816894070777
CMTSOLUTION_201207200610A	0.823496335218	0.0401126593468	186.998819509	0.93336790871
CMTSOLUTION_201207250027A	1.12526899499	0.0577104979846	91.8702819704	0.871196384749
CMTSOLUTION_201207251120A	1.04035931838	0.0679608704328	281.877044078	0.888446583581
CMTSOLUTION_201207260533A	0.91387457552	0.0971494956903	894.771394741	0.804066971767
CMTSOLUTION_201207282004A	0.822040231483	0.00630884106211	767.518784046	0.994571766012
CMTSOLUTION_201208020938A	0.783894984364	0.0630395468609	152.980509452	-0.966048934221
CMTSOLUTION_201208020956A	0.871793982684	0.0281916136555	147.119539607	0.99057046723
CMTSOLUTION_201208101837A	1.60466800709	0.0959615237918	161.530265287	-0.97359612751
CMTSOLUTION_201208111223A	0.993852939284	0.044130254529	3371.32878459	0.956459979935
CMTSOLUTION_201208111234A	0.991147061028	0.0382662850514	2883.13906746	0.984041070646
CMTSOLUTION_201208121047A	0.914452319245	0.102575887236	214.300335359	0.893972679783
CMTSOLUTION_201208140259A	NOT FOUND	NOT FOUND	29255.9114328	-0.49988667189
CMTSOLUTION_201208151749A	0.846313612828	0.015775861592	23.910168229	0.814161152874
CMTSOLUTION_201208180941A	1.05491316004	0.182927523657	47.3492491329	0.800077409215
CMTSOLUTION_201208192241A	0.771037456723	0.00974849692217	151.757985498	0.960651712555
CMTSOLUTION_201208261505A	0.92664694298	0.0666177429357	631.658252397	0.928094954586
CMTSOLUTION_201208270437A	1.00318970102	0.0439763808179	5371.96489331	0.983890450946
CMTSOLUTION_201208301343A	0.887914360397	0.0783155361177	2602.9836775	0.981152225158
CMTSOLUTION_201208311247A	0.903602243293	0.0387627370578	2662.6986762	0.911092512214
CMTSOLUTION_201209031823A	3.60508924547	0.373283450404	106.621304585	-0.702983975787
CMTSOLUTION_201209051442A	1.04154230749	0.0469137831947	2727.00951454	0.991846492695
CMTSOLUTION_201209081051A	1.13310404057	0.596896213893	114.339808955	0.671862201227
CMTSOLUTION_201209120327A	2.91738735998	0.0909564190886	38.9364276586	0.954877995146
CMTSOLUTION_201209140451A	1.17018429461	0.0695960931987	95.5139212205	0.871621366625
CMTSOLUTION_201209190917A	NOT FOUND	NOT FOUND	7.54723165546	-0.355772951893
CMTSOLUTION_201209220352A	1.01846279546	0.111140578467	21.6620911884	0.770649772497
CMTSOLUTION_201209252345A	1.20073255169	0.213755124016	330.68472343	0.856248574043
CMTSOLUTION_201209262339A	0.87198872536	0.0556642740038	421.624073275	0.980081439783
CMTSOLUTION_201209301631A	1.12919277662	0.117580940971	3544.79123237	0.976740511046
CMTSOLUTION_201210012221A	1.71730198201	0.209325208975	349.849109556	0.904653402706
CMTSOLUTION_201210080626A	1.54374231724	0.318262328951	96.5931604662	-0.636754361001
CMTSOLUTION_201210081143A	1.20947802147	0.0538609455442	94.5804917637	0.845344045998
CMTSOLUTION_201210120031A	0.819940320486	0.104359547856	408.796442126	-0.786310473175
CMTSOLUTION_201210141013A	NOT FOUND	NOT FOUND	78.2420100973	0.585057673318
CMTSOLUTION_201210170442A	1.11643923803	0.0918210431296	28.0002326591	-0.787756979577
CMTSOLUTION_201210240045A	1.07215395723	0.0810181235705	737.832482585	0.981440158247
CMTSOLUTION_201210252305A	0.873955980375	0.127174943495	210.482381421	0.890269308081
CMTSOLUTION_201210280304A	0.947905410378	0.0644729959736	35505.956993	0.97977034857
CMTSOLUTION_201210281854A	0.931209855751	0.0807091816691	1702.83489204	0.984546190644
CMTSOLUTION_201210300249A	0.937951700693	0.0659581233416	1677.65288519	0.981959922877
CMTSOLUTION_201211021817A	0.754510757275	0.150715844739	67.5302705508	0.836103138361
CMTSOLUTION_201211070626A	0.953809098074	0.0291090773879	224.96996322	0.969232605221
CMTSOLUTION_201211071635A	1.28993245557	0.0443313262503	8527.67568397	-0.929428914499
CMTSOLUTION_201211080201A	NOT FOUND	NOT FOUND	162.537984324	0.199856280672
CMTSOLUTION_201211101457A	0.996902874194	0.14581283837	32.2218471337	0.945861220813
CMTSOLUTION_201211110112A	1.15774871717	0.0750054341208	1976.17529688	0.977720903588
CMTSOLUTION_201211112215A	1.19430078499	0.106830160806	203.206217437	0.97731289956
CMTSOLUTION_201211122042A	0.952361725942	0.125423529589	413.976712146	0.968775556054
CMTSOLUTION_201211130431A	0.911894627535	0.114569886791	135.63199324	0.896197962372
CMTSOLUTION_201211141902A	0.99364800343	0.0458573103172	566.129722111	0.986105566925
CMTSOLUTION_201211150920A	0.95942925928	0.0928872215208	63.7258579364	0.92471891503
CMTSOLUTION_201211161812A	0.869308847664	0.0601251053764	1662.89488882	0.985794652687
CMTSOLUTION_201211190944A	1.09479590713	0.0449158771545	93.3484392253	0.842053396693
CMTSOLUTION_201212070818A	2.82154177978	0.56538274131	6609.4688433	-0.797092835461
CMTSOLUTION_201212070818B	2.8346149397	0.576367958613	6643.73200296	-0.799092790826
CMTSOLUTION_201212070831A	2.759179587	0.605947437962	6464.95187941	-0.776096157834
CMTSOLUTION_201212101653A	0.734285729847	0.0450559805713	1004.04222811	0.759438591503
CMTSOLUTION_201212110618A	1.71964498903	0.0769749814645	28.0439645895	-0.789847149757
CMTSOLUTION_201212141036A	0.899465999375	0.0556026464179	100.66853242	0.836785923066
CMTSOLUTION_201212150449A	1.0593411932	0.0424904622836	83.0797456825	0.959278495709
CMTSOLUTION_201212151930A	0.718806989173	0.00518653350913	82.7936813415	0.974885034722
CMTSOLUTION_201212231331A	1.57451979507	0.0793288895812	102.689233273	0.816457097769
CMTSOLUTION_201301050858A	0.909378462013	0.0916885217137	104166.546894	0.98078530644
CMTSOLUTION_201301081416A	0.847601925313	0.17739115759	355.500946716	0.862641385009
CMTSOLUTION_201301202332A	1.0444304393	0.0969043226979	173.750541527	0.956483560564
CMTSOLUTION_201301281638A	NOT FOUND	NOT FOUND	442.771608211	0.520955753266
CMTSOLUTION_201301302015A	0.95683974388	0.0203543615353	1726.59497594	0.99566096144
CMTSOLUTION_201301302303A	0.887958213609	0.074568629634	7.96681590161	0.979044971676
CMTSOLUTION_201301310333A	1.15499627265	0.138288865211	70.3650498481	0.923549152343
CMTSOLUTION_201302010536A	NOT FOUND	NOT FOUND	32.4149184034	0.249599200765
CMTSOLUTION_201302012216A	NOT FOUND	NOT FOUND	134.49908676	0.226486298138
CMTSOLUTION_201302012218A	NOT FOUND	NOT FOUND	126.09596665	0.264304412176
CMTSOLUTION_201302021417A	0.902884040514	0.0118693505761	1781.46415236	0.979460421689
CMTSOLUTION_201302060007A	NOT FOUND	NOT FOUND	2738.58177446	0.548928773765
CMTSOLUTION_201302060112A	NOT FOUND	NOT FOUND	1237.58439215	-0.553477546351
CMTSOLUTION_201302060123A	NOT FOUND	NOT FOUND	624.747788292	-0.52921964627
CMTSOLUTION_201302060154A	NOT FOUND	NOT FOUND	141.889780542	0.5467777075
CMTSOLUTION_201302060635A	0.907296042934	0.124971404324	12.6930547142	0.949098679872
CMTSOLUTION_201302061153A	1.04831844275	0.0803551754852	11.7979488855	0.933019436918
CMTSOLUTION_201302160437A	1.3302233306	0.101101977973	90.2242468451	0.983646073736
CMTSOLUTION_201302170542A	NOT FOUND	NOT FOUND	26.614579743	0.464008264082
CMTSOLUTION_201302221201A	1.14056611247	0.049049902133	45.2346356202	-0.844161132072
CMTSOLUTION_201303011253A	0.900186551941	0.0487636737223	2000.26621366	0.987904424168
CMTSOLUTION_201303011320A	0.902639260558	0.0468301226419	1507.03349857	0.984839484538
CMTSOLUTION_201303102251A	1.32781353044	0.0734448947722	2002.16732335	0.932357557968
CMTSOLUTION_201303190329A	NOT FOUND	NOT FOUND	75.7487832365	-0.41102965029
CMTSOLUTION_201303202228A	0.992514245404	0.0675498052265	168.721684593	0.985262956328
CMTSOLUTION_201303240418A	1.02741514032	0.0678300142693	652.107803597	0.984932602488
CMTSOLUTION_201303252302A	0.799500125748	0.0531542631112	108.322870398	0.941016279404
CMTSOLUTION_201304011853A	1.89087252824	0.344936897294	201.294340788	0.923414274465
CMTSOLUTION_201304051300A	NOT FOUND	NOT FOUND	66.6751907516	0.400172286444
CMTSOLUTION_201304060442A	1.05801540577	0.0827759507294	1793.857109	0.970672482979
CMTSOLUTION_201304061126A	1.17150648442	0.306310729696	11.7187382804	0.636532253219
CMTSOLUTION_201304091152A	NOT FOUND	NOT FOUND	699.331004527	0.173515664484
CMTSOLUTION_201304140132A	1.18639524053	0.0642746314724	182.780741717	0.622386849092
CMTSOLUTION_201304161044A	1.03129899483	0.0477864215833	94679.2678549	0.97509490675
CMTSOLUTION_201304162255A	1.72144926625	0.0353408648184	177.410287988	0.660065246457
CMTSOLUTION_201304190305A	0.843709806843	0.0383983445417	5467.29159404	0.987434090643
CMTSOLUTION_201304191958A	0.991288391536	0.0868786900919	100.34288324	0.931839639272
CMTSOLUTION_201304200002A	0.976651082539	0.108000127798	1184.14806197	0.957109191346
CMTSOLUTION_201304201312A	0.782092354235	0.0494551018944	93.9722991175	0.936562642759
CMTSOLUTION_201304210322A	0.960789767083	0.0673735819441	93.553569765	0.646383977319
CMTSOLUTION_201304220116A	0.976251663394	0.0711076787129	265.636359881	0.989219531079
CMTSOLUTION_201304232314A	1.55884514073	0.218104160065	678.031979503	0.913954036933
CMTSOLUTION_201304300625A	1.00678951263	0.093277514288	307.649121579	0.960520167878
CMTSOLUTION_201305110208A	NOT FOUND	NOT FOUND	696.942087483	0.574515387159
CMTSOLUTION_201305140032A	NOT FOUND	NOT FOUND	264.873431853	0.576171585556
CMTSOLUTION_201305180548A	1.48725555304	0.306235112793	49.5228339305	0.890224382636
CMTSOLUTION_201305190907A	0.981695343165	0.0897357191698	117.250432805	0.968765855055
CMTSOLUTION_201305200949A	0.930811648634	0.0542105861139	365.004640783	0.960754371005
CMTSOLUTION_201305210155A	0.77816852677	0.0388558718444	113.966804901	0.891754382694
CMTSOLUTION_201305210543A	0.833901267053	0.0139188172912	72.3787624119	0.990516531383
CMTSOLUTION_201305241456A	1.84632326896	0.19006318592	37.5850617854	-0.858396260275
CMTSOLUTION_201305280009A	NOT FOUND	NOT FOUND	26.9628111391	0.274906975212
CMTSOLUTION_201306020543A	1.12414473717	0.252989315199	191.252708341	0.823581135815
CMTSOLUTION_201306050447A	0.816954511893	0.0749557627514	195.913135485	0.960751643857
CMTSOLUTION_201306061153A	NOT FOUND	NOT FOUND	17.1446943741	-0.371057912022
CMTSOLUTION_201306131647A	NOT FOUND	NOT FOUND	251.990739946	-0.406895923274
CMTSOLUTION_201306151611A	1.21103382382	0.0512639944591	549.351537229	0.959488718772
CMTSOLUTION_201306151734A	1.20794000693	0.0678505067469	90.1119543509	-0.953115478775
CMTSOLUTION_201306162139A	1.25994783172	0.136937208236	526.209414163	0.721252881993
CMTSOLUTION_201306242204A	0.93773942918	0.053897314387	3399.69325482	0.991945418972
CMTSOLUTION_201307020737A	1.32589683402	0.109374872611	177.234156923	0.911393451004
CMTSOLUTION_201307041716A	0.83735084359	0.110272328085	71.071460916	0.973341488667
CMTSOLUTION_201307060505A	1.16310612193	0.0281248758642	118.149863587	0.817094735792
CMTSOLUTION_201307071835A	1.44501314918	0.203797966876	1187.4856287	0.665907692469
CMTSOLUTION_201307072030A	1.30344204982	0.0420855044898	5.19974117267	0.957623041331
CMTSOLUTION_201307081530A	0.930191420231	0.0979486720768	15.6323088241	0.947064796216
CMTSOLUTION_201307151403A	0.810136604785	0.132836763487	1029.4302452	0.860159098335
CMTSOLUTION_201307170237A	1.07421695122	0.0894059305111	112.037583987	0.950461684083
CMTSOLUTION_201307212345A	1.149473476	0.0380481954011	142.736897462	0.734231490562
CMTSOLUTION_201307220701A	0.847003090964	0.00457570134821	569.207562404	0.987696404262
CMTSOLUTION_201308070906A	1.08283396212	0.0869883185971	45.2898023006	0.751326334575
CMTSOLUTION_201308120053A	0.987060277431	0.0318743273704	57.4442050602	0.661632702242
CMTSOLUTION_201308120949A	1.05011335783	0.0773395501366	195.091375219	0.989431965199
CMTSOLUTION_201308131543A	1.92018135447	0.144643245303	615.725233858	0.919448606408
CMTSOLUTION_201308171632A	1.17043608088	0.120811156823	111.55525984	0.904153521859
CMTSOLUTION_201308211238A	0.940509473757	0.0450985804247	87.6031488066	0.992100050637
CMTSOLUTION_201308301625B	0.909760947626	0.0476361981989	6349.49954038	0.991404000896
CMTSOLUTION_201308310638A	0.905592943913	0.0719610803917	412.566772086	0.988723175168
CMTSOLUTION_201309011152A	1.29483042396	0.228797631548	360.143548832	0.654717230942
CMTSOLUTION_201309032019A	0.992733104351	0.105662436112	856.940658753	0.978879771212
CMTSOLUTION_201309040018A	1.46360803105	0.058194819694	664.950496701	-0.905828230416
CMTSOLUTION_201309040023A	0.815241343334	0.0726427344357	947.54044398	0.955938829308
CMTSOLUTION_201309040232A	0.907013148503	0.0649559296204	354.081110517	0.986342947808
CMTSOLUTION_201309040627A	0.909994752394	0.0495920918352	85.5915338111	0.993440870256
CMTSOLUTION_201309050401A	0.980483796858	0.0715049525163	870.385588536	0.949637434027
CMTSOLUTION_201309061133A	1.88694747963	0.0437224176311	49.8136619367	-0.881595383032
CMTSOLUTION_201309070013A	1.07067686758	0.0740268171782	1580.40647292	0.982240601969
CMTSOLUTION_201309111244A	3.98206770076	0.474215454013	75.5067600493	-0.874270401082
CMTSOLUTION_201309151621A	0.90036787589	0.0494281069297	313.414671413	0.986798194758
CMTSOLUTION_201309161501A	1.15707753832	0.0349821129478	67.2725228951	0.988596933068
CMTSOLUTION_201309170409A	0.533461276677	0.0277685349155	30.3190517099	0.633409826461
CMTSOLUTION_201309210139A	NOT FOUND	NOT FOUND	37.6343772141	-0.542848146498
CMTSOLUTION_201309241129A	0.917969387235	0.0719170777642	191215.736209	0.993075930513
CMTSOLUTION_201309251642A	1.23964235984	0.0377353857779	517.228808373	0.981959003295
CMTSOLUTION_201309260118A	NOT FOUND	NOT FOUND	50.3691125023	0.0969687235252
CMTSOLUTION_201309280734A	0.980886458355	0.0474662868494	10310.4317514	0.958357547731
CMTSOLUTION_201309300816A	0.92794225692	0.0372422739371	12.7982025199	0.997265308137
CMTSOLUTION_201310010338A	1.75376442682	0.140056480252	458.309407567	-0.950591696374
CMTSOLUTION_201310011941A	1.02638278643	0.0735389970614	127.164758084	0.980874503104
CMTSOLUTION_201310041726A	NOT FOUND	NOT FOUND	648.518836969	-0.521912250347
CMTSOLUTION_201310060137A	0.916569915015	0.080666382973	78.2783021789	0.984278444213
CMTSOLUTION_201310061638A	0.988023122845	0.0185607159294	83.5929973904	0.990783902765
CMTSOLUTION_201310062133A	0.994630825296	0.00589250912193	54.1196069539	0.986331583537
CMTSOLUTION_201310120210A	1.11389517761	0.0862480791819	147.546158464	0.950103364048
CMTSOLUTION_201310121311A	1.87731363533	0.0773012044317	1316.37313866	0.859185935151
CMTSOLUTION_201310150012A	0.906458011453	0.0162032577314	6325.6844026	0.995072862969
CMTSOLUTION_201310161031A	1.06894270826	0.0531429808827	698.008776367	0.931407159138
CMTSOLUTION_201310191754A	2.8250078735	0.0876157106664	928.467952319	-0.87934307081
CMTSOLUTION_201310241925A	0.566090375205	0.0512365559822	96.0713579794	0.766183753305
CMTSOLUTION_201310251710A	0.758662656518	0.138840580435	5348.19394274	0.942892708897
CMTSOLUTION_201310300251A	0.925309267062	0.0894707074717	145.113339412	0.793194486047
CMTSOLUTION_201310311202A	0.966591660344	0.264640692669	283.625740497	0.825968030906
CMTSOLUTION_201310312303A	1.00580144081	0.0292599160287	845.22610327	0.990641646898
CMTSOLUTION_201311031103A	NOT FOUND	NOT FOUND	18.3898666295	0.595862762741
CMTSOLUTION_201311120703A	0.958168419547	0.0835646563961	469.735406319	0.982017353555
CMTSOLUTION_201311132345A	0.984412798122	0.0698344359054	83.531687299	0.949119870594
CMTSOLUTION_201311160334A	0.986534907522	0.0714626228345	1809.63777375	0.962059765801
CMTSOLUTION_201311170904A	1.03840075703	0.055501785131	9002.38552885	0.942080394372
CMTSOLUTION_201311191332A	1.4835072915	0.155947387624	147.559127011	0.835134313594
CMTSOLUTION_201311220651A	0.977777968874	0.159808152453	37.8503849936	0.749126312361
CMTSOLUTION_201311221830A	0.91692358596	0.0425862179838	37.0368008383	0.676904071047
CMTSOLUTION_201311241805A	NOT FOUND	NOT FOUND	52.3193796152	0.48671780815
CMTSOLUTION_201311250627B	1.21015460096	0.0821640175634	859.080532736	0.945027091578
CMTSOLUTION_201312010124A	1.17640178772	0.0930676040859	385.56839685	0.985640179019
CMTSOLUTION_201312010629A	0.901087306761	0.0461045141777	31.1270010538	0.878426480519
CMTSOLUTION_201312172338A	1.25211734009	0.0395641073242	113.212276629	0.964562641913
CMTSOLUTION_201312281521A	0.845636290169	0.170650562322	360.05410692	0.818368190911
CMTSOLUTION_201401130401A	0.891433109037	0.0928000833356	720.991159329	0.958147644083
CMTSOLUTION_201401250514A	1.34614380277	0.0388470227348	114.21410557	0.836569519781
CMTSOLUTION_201401261355A	1.42054218006	0.112100645624	508.148282478	0.858302355703
CMTSOLUTION_201401261845A	0.423902256848	0.0878544205987	64.9370326608	0.845114517779
CMTSOLUTION_201401282222A	1.00708686107	0.0765638736491	119.16119723	0.980584937916
CMTSOLUTION_201402010358A	0.882308228172	0.063411636714	128.836081772	0.979760588705
CMTSOLUTION_201402030308A	1.69154398512	0.0298177168552	358.248210462	0.639958126883
CMTSOLUTION_201402101206A	1.23907276988	0.117088019391	42.817676497	0.882647673057
CMTSOLUTION_201402120919A	1.32908310385	0.104827276938	4293.2276987	0.652449032841
CMTSOLUTION_201402180927A	3.37961835342	0.604372165201	246.293556328	-0.861745640701
CMTSOLUTION_201402262113B	0.413563442644	0.0520115262144	88.5072747174	0.884471261884
CMTSOLUTION_201403020937A	0.965472991946	0.0576186328738	637.981482512	0.990017095166
CMTSOLUTION_201403022011A	0.98169767133	0.0773404274817	997.740471172	0.968326196127
