event	E	sd	signal/noise	char_func_max
CMTSOLUTION_200801011855A	0.766112147867	0.0255299235968	270.010590419	0.914346423847
CMTSOLUTION_200801040729A	0.596910213892	0.010099228831	25.4670991368	0.990763182222
CMTSOLUTION_200801051101A	0.805572786564	0.0116802855441	1222.0445523	0.9776441165
CMTSOLUTION_200801051144A	0.821858620069	0.0129134007135	245.838628019	0.963462602596
CMTSOLUTION_200801060514A	1.28798851515	0.115723131465	346.174838589	0.834317531732
CMTSOLUTION_200801090826A	1.7050451381	0.179511179571	2198.27541647	0.735219988692
CMTSOLUTION_200801091440A	0.679341314917	0.0462493843907	883.159895398	0.939900383193
CMTSOLUTION_200801100137A	0.923798576366	0.0379975924318	860.382055297	0.931882947971
CMTSOLUTION_200801202026A	0.635486462392	0.016328199418	49.9659652169	0.708728211995
CMTSOLUTION_200801221714A	1.13479538268	0.0386481680044	216.280832683	0.9692276223
CMTSOLUTION_200801300732A	0.771762024845	0.110418181697	100.915358184	0.884544659448
CMTSOLUTION_200802041701A	0.799259489578	0.0642857149446	524.118233464	0.939179746647
CMTSOLUTION_200802080938A	0.808533583802	0.0317300490846	10875.7073668	0.902580757457
CMTSOLUTION_200802091833A	0.540184326003	0.0890409796073	54.1383309725	0.894408118242
CMTSOLUTION_200802101222A	0.87974837386	0.0123326958617	223.055994651	0.975017429621
CMTSOLUTION_200802121250A	2.26688514286	0.221306745221	371.386903798	0.761702102925
CMTSOLUTION_200802131958A	0.874686861771	0.0701576481945	147.144428771	0.641796308441
CMTSOLUTION_200802141009A	1.03440472604	0.0558515688417	4502.68123289	0.973904407422
CMTSOLUTION_200802141208A	0.850150671642	0.0314408192324	50.9301724585	0.900380560156
CMTSOLUTION_200802161445A	0.78039373862	0.0143930930115	77.8451137269	0.985278251842
CMTSOLUTION_200802200808A	2.58952432603	0.192092756491	10181.6885837	0.778380015437
CMTSOLUTION_200802201827A	0.929311209325	0.145980005424	10167.1436165	0.740624496645
CMTSOLUTION_200802210246A	0.72012854785	0.0899327989128	1821.03932494	0.967720845394
CMTSOLUTION_200802211416A	0.709127189226	0.0784599939674	392.380234034	0.979301664726
CMTSOLUTION_200802231557A	0.830167708431	0.0940704354485	462.126613424	0.903401131865
CMTSOLUTION_200802241446A	0.8322906777	0.0268110686004	59.9005095588	0.681654653929
CMTSOLUTION_200802250836A	0.899699268453	0.0623627180965	2790.25982927	0.701095973182
CMTSOLUTION_200802251806A	1.4209060403	0.227759619525	497.985188268	0.608711506536
CMTSOLUTION_200802252102A	0.489920419263	0.0162030957645	34.724927779	0.755564752424
CMTSOLUTION_200802270654A	0.668743974711	0.0556927710685	213.505187648	0.975409659251
CMTSOLUTION_200803030237A	2.1675866837	0.0558458485216	167.490616866	0.691561169336
CMTSOLUTION_200803030931A	0.902607702941	0.0350452099033	2594.89621618	0.975335976999
CMTSOLUTION_200803031349A	1.13909774152	0.232506721883	468.963349437	0.939457068449
CMTSOLUTION_200803031411A	1.14336783195	0.232107220462	384.299074122	0.952635189306
CMTSOLUTION_200803131328A	0.91816127353	0.0784669658724	293.769375798	0.968408531182
CMTSOLUTION_200803142232A	1.03458762255	0.0606035545682	820.856861305	0.979661958962
CMTSOLUTION_200803151443A	0.680676667836	0.0927635731961	196.819770318	0.874443087076
CMTSOLUTION_200803201410A	0.669806228432	0.020181349391	93.6636594146	0.85249166853
CMTSOLUTION_200803202233A	1.00369694666	0.121880337944	21798.1172459	0.915681974077
CMTSOLUTION_200803222124A	1.01343568553	0.0339141554898	145.423034728	0.969709581877
CMTSOLUTION_200803242039A	0.738978458566	0.00400044828801	80.5159799359	0.974148793688
CMTSOLUTION_200803291730A	1.35194517082	0.132525583441	574.362194826	0.930348444765
CMTSOLUTION_200804140945A	0.862035725293	0.302926282556	72.6856059823	0.926413205456
CMTSOLUTION_200804150303A	0.957746053028	0.0542226526079	236.621356181	0.95213752465
CMTSOLUTION_200804152259A	1.10109003904	0.0661105560775	2872.92525741	0.89779859039
CMTSOLUTION_200804160554A	0.991506495964	0.016796019854	1430.70586628	0.972823908083
CMTSOLUTION_200804190312A	1.1417872208	0.213967005567	129.903816795	0.858116356451
CMTSOLUTION_200804231828A	1.15930313689	0.0896456320753	606.815367754	0.907080785999
CMTSOLUTION_200804241214A	0.832754330309	0.0445045395688	344.298093515	0.971694919269
CMTSOLUTION_200804281557A	0.923444286573	0.007828974548	164.924276497	0.984374792245
CMTSOLUTION_200805020133A	0.609081465874	0.107906672934	4118.08937381	0.848508919529
CMTSOLUTION_200805071602A	0.9518390362	0.0266546429069	10475.0434589	0.803889478425
CMTSOLUTION_200805071616A	0.94678941402	0.0486365283875	11263.7563078	0.743624541224
CMTSOLUTION_200805071645A	1.04745140454	0.0417891431143	794.707532283	0.853874785123
CMTSOLUTION_200805092151A	0.888490570825	0.0879657718703	2877.71239051	0.968535404826
CMTSOLUTION_200805121111A	0.749210636413	0.0142390649232	14.8093369897	0.791641179341
CMTSOLUTION_200805191426A	1.41502935542	0.212050355062	201.228061635	0.872277380549
CMTSOLUTION_200805201353A	0.879475376466	0.0764725410508	496.52447305	0.745709324191
CMTSOLUTION_200805231935A	0.819675051595	0.0175026293319	8947.84227933	0.983949304462
CMTSOLUTION_200805250821A	0.788642297283	0.074758665216	1017.32074682	0.902399183539
CMTSOLUTION_200805291546A	0.883622025944	0.0181454937297	10876.2264406	0.994412454046
CMTSOLUTION_200805310437A	0.63831119325	0.0351281718152	905.093183554	0.868855281332
CMTSOLUTION_200806010157A	0.84056162687	0.0898472677922	222.306654299	0.78347226061
CMTSOLUTION_200806031620A	0.752105406009	0.11098509573	218.375051119	0.980409283438
CMTSOLUTION_200806032204A	1.10682814022	0.0397486396906	64.7778204077	0.888365186987
CMTSOLUTION_200806050216A	0.816498830496	0.0946858644558	208.82171184	0.935094919471
CMTSOLUTION_200806061342A	1.12214291305	0.319003077832	41.8054007325	0.790651168569
CMTSOLUTION_200806081225A	1.47695510829	0.054860266044	4987.71054935	0.788368289128
CMTSOLUTION_200806132343A	0.932786342043	0.0842475528592	11641.400856	0.880442931899
CMTSOLUTION_200806150837A	1.05106886807	0.0647685960464	84.0127836154	0.865921012556
CMTSOLUTION_200806222356A	0.898363172856	0.0921610866252	193.923388718	0.992121275343
CMTSOLUTION_200806271140A	NOT FOUND	NOT FOUND	1995.1191758	0.432169281121
CMTSOLUTION_200806281254A	0.974751220896	0.159466920512	438.882709616	0.928894348626
CMTSOLUTION_200806292053A	0.6868852955	0.0619727072793	9.79017111187	0.718460584124
CMTSOLUTION_200806300617A	0.686556118172	0.0197372879983	3089.50518446	0.94689026844
CMTSOLUTION_200807050212A	0.761377654497	0.0219795015056	10867.0259292	0.600260884638
CMTSOLUTION_200807080742A	0.68008673546	0.0329472141078	1348.13946215	0.991113011524
CMTSOLUTION_200807080913A	0.756189413581	0.0159067531122	18.1157955677	-0.952633423782
CMTSOLUTION_200807131458A	0.955710436538	0.198696549525	2950.54358191	0.788969481682
CMTSOLUTION_200807150326A	1.04525617588	0.173283263248	3642.72689834	0.937098466091
CMTSOLUTION_200807190239A	0.727917181333	0.0665609223985	17565.3053435	0.953230174686
CMTSOLUTION_200807190927A	0.916132333657	0.0428229002289	613.763490903	0.958459311381
CMTSOLUTION_200807191101A	0.905382308459	0.0425489054906	12.5961996805	0.950898443088
CMTSOLUTION_200807231526A	NOT FOUND	NOT FOUND	603.635447294	0.581223232656
CMTSOLUTION_200807240143A	0.743016131934	0.0371703037517	1080.18821029	0.976524711862
CMTSOLUTION_200807282140A	0.931864990234	0.00536017104382	391.017157981	0.927267501026
CMTSOLUTION_200808042045A	DiffNPTS	DiffNPTS	DiffDelta	DiffNPTS
CMTSOLUTION_200808050949A	0.854514749231	0.05081100021	798.639103947	0.842086618261
CMTSOLUTION_200808100820A	1.41544773858	0.0491506763499	966.534687773	0.750318385446
CMTSOLUTION_200808112338A	0.952674528135	0.0585760725299	287.769721585	0.956092686651
CMTSOLUTION_200808151025A	1.60697130155	0.0812463444348	321.422954925	0.798988862849
CMTSOLUTION_200808211224A	1.54485369536	0.0265277125174	648.623387787	0.962726646409
CMTSOLUTION_200808220747A	1.37568664375	0.132504244702	152.821902599	0.977195672288
CMTSOLUTION_200808251322A	0.791213006148	0.0542349385296	1259.92401865	0.852381533313
CMTSOLUTION_200808262100A	0.735847263383	0.0759909260223	365.908592446	0.691265347052
CMTSOLUTION_200808270135A	0.71462178299	0.0651338261817	6291.17402932	0.948899497689
CMTSOLUTION_200808281522A	0.991297533048	0.0175523541564	402.168249531	0.642415121384
CMTSOLUTION_200808300654A	0.766883683123	0.095840342437	387.410547651	0.910856949391
CMTSOLUTION_200809031125A	0.829698618355	0.0256254284756	60.7585590005	0.714062894076
CMTSOLUTION_200809101100A	0.595524050969	0.0555065297647	7451.77479294	-0.963405636542
CMTSOLUTION_200809101308A	0.897779689113	0.0374651480683	687.046122361	0.989641494396
CMTSOLUTION_200809110000A	1.01296379023	0.20832627308	15199.0574051	0.958545398515
CMTSOLUTION_200809110020A	0.823011415136	0.0793283861146	15055.7593475	0.965134880559
CMTSOLUTION_200809180141A	0.793952366937	0.0133182319716	327.072701963	0.980656660855
CMTSOLUTION_200809240233A	0.984045419495	0.0577367761933	1144.41649636	0.964044238548
CMTSOLUTION_200809250147A	0.812839127454	0.110463781016	540.812755678	0.919481502623
CMTSOLUTION_200810051552A	0.802992830294	0.0674368673157	9469.88772704	0.919603012831
CMTSOLUTION_200810060830A	1.61026333262	0.0583628638801	1230.80888852	0.932115048863
CMTSOLUTION_200810110906A	0.963427654121	0.0270557154492	225.997661305	0.646242323829
CMTSOLUTION_200810111040A	0.971166233594	0.0836056587892	36.7728331682	0.985632335017
CMTSOLUTION_200810122055A	1.02734646436	0.0476592831402	108.652161283	0.97998435885
CMTSOLUTION_200810140206A	0.750642691585	0.0169307127683	261.616636156	0.977274302866
CMTSOLUTION_200810161941A	0.823459062103	0.0503266090294	2300.40424383	0.985727024701
CMTSOLUTION_200810231004A	0.93249241793	0.0117384290472	338.323148642	0.911516066785
CMTSOLUTION_200810281600A	0.718779721581	0.092947860977	93.5652162718	0.951398637294
CMTSOLUTION_200810282309A	NOT FOUND	NOT FOUND	930.400830318	0.510244695226
CMTSOLUTION_200810291132A	1.59137116425	0.135137238155	2103.15979051	0.904804421763
CMTSOLUTION_200810301515A	0.891812405517	0.0292038468914	117.36037686	0.942028704459
CMTSOLUTION_200811010113A	0.67876043357	0.0543546087467	31.48303972	0.989627282045
CMTSOLUTION_200811021348A	1.00832893523	0.106288809153	414.449707168	0.955656973987
CMTSOLUTION_200811071604A	0.830932225132	0.0233580098586	192.212841797	0.887713034256
CMTSOLUTION_200811100122A	0.938735729403	0.076395387943	1495.15665662	0.88004745653
CMTSOLUTION_200811161702A	0.575759986936	0.0737840243278	5317.36726936	0.895156980568
CMTSOLUTION_200811190611A	0.769118953105	0.0778320812006	379.58143293	0.993169763255
CMTSOLUTION_200811210705A	0.930615634289	0.0884207254921	44.3735612659	0.97290021151
CMTSOLUTION_200811221600A	0.806856738153	0.0547082766936	998.445316503	0.9628896876
CMTSOLUTION_200811221849A	1.20874230347	0.0601783039197	25.7453682948	0.784127318419
CMTSOLUTION_200811240902A	1.96453789971	0.202034298769	2442.84379219	-0.810762763764
CMTSOLUTION_200812061055A	1.26686780343	0.258062986921	111.317556135	0.912732534986
CMTSOLUTION_200812081839A	0.898717351209	0.0593320283433	160.386375033	0.907848849123
CMTSOLUTION_200812130827A	2.56750643523	0.119781992076	70.546071999	0.804736720667
CMTSOLUTION_200812172157A	NOT FOUND	NOT FOUND	20.6960990961	0.222567404581
CMTSOLUTION_200812182119A	0.916007570853	0.0214908881102	462.559638614	0.948734775481
CMTSOLUTION_200812190831A	0.817547860932	0.00610750831632	441.50914647	0.991312037226
CMTSOLUTION_200812201029A	1.315237125	0.165700389613	726.032687941	0.813119818683
CMTSOLUTION_200812250320A	1.3170682832	0.268902742308	40.6525935872	0.80671691729
CMTSOLUTION_200812282259A	1.03601238532	0.0487059248983	30.5855716301	0.915871448501
CMTSOLUTION_200901031943A	0.790065921546	0.0129669394087	5728.62565294	0.972556745971
CMTSOLUTION_200901032233A	0.882051519551	0.0447229587486	8.44311544421	-0.996239303645
CMTSOLUTION_200901062248A	0.969985649933	0.0405470157349	177.478755623	0.985384994082
CMTSOLUTION_200901081921A	0.871948041073	0.0145114657185	846.971116206	0.992336481101
CMTSOLUTION_200901130104A	1.73441324967	0.18907165668	26.4623743118	0.818469251512
CMTSOLUTION_200901151749A	0.991970186153	0.0752318097333	10566.9089857	0.961849161378
CMTSOLUTION_200901221340A	0.839244234022	0.0504285917089	118.258251426	0.991391073698
CMTSOLUTION_200901222016A	2.28172347777	0.530460106997	15.5014696956	0.885667622711
CMTSOLUTION_200902111734A	0.676103336466	0.132953479921	9313.39269538	0.957170823272
CMTSOLUTION_200902111825A	0.652081903805	0.134945375699	74.6467956826	0.945515623878
CMTSOLUTION_200902120349A	0.693197168501	0.0869265243956	178.397812361	0.919146252333
CMTSOLUTION_200902120830A	0.825625667464	0.0782188917901	127.380172598	0.915935957065
CMTSOLUTION_200902121315A	0.682773438739	0.106856280568	356.022281061	0.920020432528
CMTSOLUTION_200902151004A	0.903502770867	0.0656465157566	135.104096219	0.96260375033
CMTSOLUTION_200902162316A	2.46830414069	0.0721715688768	992.655050369	0.633504258664
CMTSOLUTION_200902170528A	1.28169678928	0.0300934452942	8.90833231868	-0.975916218565
CMTSOLUTION_200902221745A	1.12548097447	0.0600348172501	152.775250577	0.975089620711
CMTSOLUTION_200902281433A	0.795913611295	0.0624782878122	657.202125624	0.977267289679
CMTSOLUTION_200903061050A	0.694812801822	0.0392206887863	1653.11191661	0.957639571854
CMTSOLUTION_200903122323A	0.726961469808	0.0493918303996	222.393899291	0.93776898263
CMTSOLUTION_200903161415A	0.860666093299	0.0648135431504	657.363708772	0.974173471874
CMTSOLUTION_200904010355A	0.796633463864	0.0783406418435	737.264149987	0.987339610841
CMTSOLUTION_200904040531A	1.08617614097	0.108560057379	323.607730151	0.927650270305
CMTSOLUTION_200904070423A	0.963577784668	0.0426700927469	9256.78670028	0.975082963996
CMTSOLUTION_200904152001A	1.72690316487	0.0223730596681	99.0852661432	0.923365817565
CMTSOLUTION_200904161457A	0.778397160031	0.0458360717065	3450.36124808	0.985210673776
CMTSOLUTION_200904170208A	0.902824324423	0.0356377309842	259.976418318	0.947244826653
CMTSOLUTION_200904181917A	0.84980591254	0.00968484880022	2406.31895039	0.960913842764
CMTSOLUTION_200904190523A	0.86067079209	0.0795765744163	45.0218519591	0.846257696008
CMTSOLUTION_200904210526A	0.756523134878	0.046370494365	94.8670991359	0.716007224442
CMTSOLUTION_200904251718A	0.9224173366	0.0687000549837	57.4859798802	0.908333997983
CMTSOLUTION_200904281954A	0.657974118402	0.0236565771367	171.317728291	0.807468801749
CMTSOLUTION_200905031621A	0.862894121949	0.0082229709109	127.710865244	0.990220533461
CMTSOLUTION_200905100116A	0.735666453122	0.0372185277957	188.805559256	0.973722945474
CMTSOLUTION_200905120126A	0.793891767773	0.0788204788141	95.9879967987	0.9249542723
CMTSOLUTION_200905191735A	1.06162412288	0.051124495508	82.7962727121	0.826579941916
CMTSOLUTION_200905241617A	1.47689559303	0.331772923774	325.984216074	0.925897139563
CMTSOLUTION_200905280824A	0.835326787029	0.0364342290229	7173.76585267	0.991889850542
CMTSOLUTION_200906041725A	0.987052101315	0.0380938257939	726.686507109	0.959878188821
CMTSOLUTION_200906050330A	1.14027439963	0.0671518780076	3888.61337039	0.948037935187
CMTSOLUTION_200906062033A	0.831739523017	0.0248516888097	935.633832933	0.982058730255
CMTSOLUTION_200906140558A	1.05340804732	0.219697148014	164.315090692	0.901037455854
CMTSOLUTION_200906162005A	1.47169019948	0.0705046634544	302.768653813	0.830485054046
CMTSOLUTION_200906191405A	0.946737675379	0.0972795038219	1418.39890518	0.85047239057
CMTSOLUTION_200906200828A	2.19360377031	0.0966383320087	87.3756745741	0.858286958615
CMTSOLUTION_200906231419A	0.818652725236	0.0130281420944	583.657416148	0.997044058456
CMTSOLUTION_200907010930A	1.27037108151	0.261642870398	6435.53289897	0.902071120539
CMTSOLUTION_200907040649A	0.782002670385	0.0252186811426	256.538756915	0.971561211838
CMTSOLUTION_200907061453A	0.867417258738	0.0167688112628	280.735013252	0.849558209777
CMTSOLUTION_200907071911A	0.816130772712	0.0241359851395	836.44898998	0.97918900946
CMTSOLUTION_200907081923A	1.13458028898	0.0891099008067	145.702441116	0.978174989563
CMTSOLUTION_200907120612A	0.784403799914	0.044624610792	180.521990039	0.966361901732
CMTSOLUTION_200907131805A	0.887011717581	0.0377769866215	9499.19382967	0.990507903132
CMTSOLUTION_200907300737A	1.90020534754	0.183212001101	40.5846321409	-0.922287610258
CMTSOLUTION_200908020854A	0.751583598912	0.0542024380871	284.317071913	0.861230965227
CMTSOLUTION_200908031800A	0.885166707833	0.0741601064725	14427.7755376	0.978055393696
CMTSOLUTION_200908031840A	0.889976962916	0.0688286418203	2143.65093981	0.945309234064
CMTSOLUTION_200908050018A	0.962110624465	0.188613562579	2161.84096298	0.945738355418
CMTSOLUTION_200908091055A	1.39507249662	0.0351518949782	1486.02742951	0.808134494457
CMTSOLUTION_200908100406A	0.736643357784	0.0909242412199	1265.3779263	0.992979950891
CMTSOLUTION_200908101955A	1.31091255224	0.0839019939651	4316.00887203	0.897944195405
CMTSOLUTION_200908122248A	1.29680052621	0.32612181689	898.253576052	0.729132447162
CMTSOLUTION_200908160738A	DiffNPTS	DiffNPTS	DiffDelta	DiffNPTS
CMTSOLUTION_200908170005A	1.12494656922	0.263558773537	6024.13673299	0.80942716998
CMTSOLUTION_200908171011A	1.1196282596	0.058540820274	2566.7487676	0.867912634867
CMTSOLUTION_200908200635A	0.903224173115	0.184694563769	1029.640396	0.868610544225
CMTSOLUTION_200908280151A	1.0427031905	0.0348144442917	1690.39220001	0.69798157976
CMTSOLUTION_200908280152A	1.07284109983	0.0273812058675	1616.59632121	0.750514107662
CMTSOLUTION_200909020755A	1.51760892675	0.0296554477307	4615.74419897	0.893432622264
CMTSOLUTION_200909031326A	0.96673437405	0.0169204192281	111.372854085	0.963827952234
CMTSOLUTION_200909062149A	0.848102578636	0.0448353453539	835.381097822	0.973593638217
CMTSOLUTION_200909071612A	1.1168485976	0.0953254213128	201.499210356	0.894857616493
CMTSOLUTION_200909072241A	0.820514113179	0.100202610336	974.713500905	0.906627548686
CMTSOLUTION_200909122006A	0.820592196793	0.0227623507982	2300.71569011	0.964942264018
CMTSOLUTION_200909172321A	1.00299652787	0.0519046801036	423.019678477	0.86822472225
CMTSOLUTION_200909210853A	0.870735474304	0.0395935577129	308.645885914	0.880506994959
CMTSOLUTION_200909240716A	0.852928182339	0.0965587207596	1270.15732498	0.916358370783
CMTSOLUTION_200909301016A	0.863620449241	0.0443018020203	4011.28605608	0.894167160674
CMTSOLUTION_200910010152A	1.19352150814	0.08694870927	2179.18799913	0.83737046827
CMTSOLUTION_200910041058A	1.23440033137	0.0443533317753	70.8566374048	0.920687112701
CMTSOLUTION_200911280604A	0.479816422231	0.0269174220877	61.6995936086	0.776365382774
CMTSOLUTION_200911281810A	0.916820918244	0.0602811640713	155.22956654	0.894201302211
CMTSOLUTION_200912091600A	0.998388730516	0.0622550956912	72.4868622596	0.953604821437
CMTSOLUTION_200912100230A	2.02761352731	0.577574488852	18.7749615526	-0.601828402352
CMTSOLUTION_200912170137A	0.787342539315	0.021714875339	696.291655047	0.930651926992
CMTSOLUTION_200912171455A	1.34514792092	0.0646746532649	56.7408853835	0.874328979757
CMTSOLUTION_200912191302A	1.38545495439	0.14648978554	2453.32832747	0.980094439176
CMTSOLUTION_200912192319A	0.765109190481	0.0615312795611	139.751701378	0.906194861639
CMTSOLUTION_200912240023A	0.656849937302	0.0415273911665	212.932162994	0.60035222156
CMTSOLUTION_200912260857A	1.20590350388	0.0391096118427	48.9405271599	0.935308389357
CMTSOLUTION_201001020845A	0.721355008076	0.00298401320599	491.120405463	0.995105180938
CMTSOLUTION_201001032148A	0.786048183047	0.0743597685971	2565.34212569	0.991213496936
CMTSOLUTION_201001032236A	0.786717340004	0.0827968722818	1438.01715882	0.987780796198
CMTSOLUTION_201001050455A	0.814958103603	0.0370916784518	1129.50652923	0.992069136848
CMTSOLUTION_201001051215A	0.74606928084	0.0428178711681	1024.13432384	0.94905616902
CMTSOLUTION_201001051311A	0.727925962407	0.0366864624875	114.412220218	0.955846271895
CMTSOLUTION_201001090551A	NOT FOUND	NOT FOUND	30.2089413608	0.0865353171107
CMTSOLUTION_201001171200A	0.848114891689	0.0581142826016	122.101178375	0.937512043471
CMTSOLUTION_201001181556A	0.955584228853	0.0328611399248	399.739572533	0.899395558096
CMTSOLUTION_201001220046A	1.06303346096	0.0470917159694	364.186401587	0.855925834409
CMTSOLUTION_201002012228A	0.73368880489	0.086310998898	431.775839593	0.976362029479
CMTSOLUTION_201002050659A	0.906819736594	0.112327568797	379.863350537	0.901713592603
CMTSOLUTION_201002060444A	0.87342452002	0.0754365632868	95.2431907508	0.948841969857
CMTSOLUTION_201002070610A	0.935904497677	0.181580520433	1104.52181404	0.911107111826
CMTSOLUTION_201002112156A	1.28207644012	0.264219091005	515.942011749	0.919638791604
CMTSOLUTION_201002152151A	NOT FOUND	NOT FOUND	43.6867935321	0.44258414335
CMTSOLUTION_201002180113A	0.859788462024	0.0163837550584	340.471512821	0.917651263557
CMTSOLUTION_201002231025A	0.716944235243	0.0854107161887	46.7696538116	-0.92686382573
CMTSOLUTION_201002262031A	0.679370633952	0.0532187388779	9871.49977126	0.830492387602
CMTSOLUTION_201002271545A	0.84393718774	0.00475873713517	127.706110488	0.987897876848
CMTSOLUTION_201002271900A	0.94788653359	0.0138477016631	15.4197997194	0.981934733037
CMTSOLUTION_201002281125A	0.863684416468	0.0290466561801	271.365152691	0.995135794441
CMTSOLUTION_201003031744A	0.820617635495	0.00947692842478	962.642905879	0.981058420224
CMTSOLUTION_201003040018A	0.861684257131	0.0633953236692	1116.59873772	0.989021244209
CMTSOLUTION_201003040159A	0.866252094739	0.0652649614358	9.156987652	-0.994545578978
CMTSOLUTION_201003042239A	0.894489693963	0.0632909037628	261.747591412	0.992464970905
CMTSOLUTION_201003050919A	0.838833833894	0.0142062394542	384.261389182	0.997742132523
CMTSOLUTION_201003051147A	0.814177806201	0.00740859899283	648.98544443	0.996316144743
CMTSOLUTION_201003051606A	1.95120054852	0.304783852709	446.101237957	0.635504730431
CMTSOLUTION_201003070705A	1.2637162939	0.151916259619	50.3588444421	0.925435351048
CMTSOLUTION_201003080232A	1.44266430028	0.153495524327	1372.94309506	0.925396041916
CMTSOLUTION_201003080747A	1.92865258594	0.159873622881	209.47036824	-0.950164463259
CMTSOLUTION_201003080947A	1.7485417395	0.0669653884852	12.2539356522	-0.700793740743
CMTSOLUTION_201003081112A	1.93976392157	0.135459990003	5.6936407611	-0.940856104414
CMTSOLUTION_201003111439A	0.883137607892	0.0252933157646	3533.81728212	0.983617859014
CMTSOLUTION_201003111455A	0.889639763371	0.0262500572574	5391.2236089	0.956568460819
CMTSOLUTION_201003140057A	0.652719425284	0.0314846794836	275.908323992	0.606067788481
CMTSOLUTION_201003140808A	0.980573900911	0.0319535714861	3239.81004624	0.926337165957
CMTSOLUTION_201003151108A	0.926773704519	0.0117873978738	77.4202177365	0.997662884496
CMTSOLUTION_201003160221A	0.811947163653	0.0163012338401	11500.1417539	0.978538877062
CMTSOLUTION_201003201400A	1.89102729418	0.111865684245	258.705789629	0.762269654078
CMTSOLUTION_201003241411A	0.929728027829	0.0231979387139	32.2095182199	0.898775050678
CMTSOLUTION_201003250529A	0.631891271856	0.020810024762	203.50691653	0.872154037547
CMTSOLUTION_201003261452A	0.994940012766	0.0470386448281	286.950065214	0.892137452265
CMTSOLUTION_201003282138A	0.900141013119	0.0277768878334	317.667036945	0.990692823616
CMTSOLUTION_201003301654A	2.27205810907	0.274872192211	476.832905995	0.815583814068
CMTSOLUTION_201004022258A	0.757325467667	0.00748404458655	258.053428594	0.989747962099
CMTSOLUTION_201004042240A	0.782623405823	0.0361279123309	2169.95225982	0.951475802388
CMTSOLUTION_201004051005A	0.583574996237	0.0584426495287	218.348936686	0.89951851087
CMTSOLUTION_201004062215A	1.38221937829	0.0297740263418	25756.316012	0.814733802688
CMTSOLUTION_201004071433A	0.686994477466	0.0809398159849	174.834691773	0.944824487312
CMTSOLUTION_201004110940A	0.720143350909	0.0765006297505	3392.41617873	0.991369331944
CMTSOLUTION_201004112208A	1.590600626	0.0957507690016	1165.42263676	-0.913103790934
CMTSOLUTION_201004132349A	1.64431282816	0.192951311797	6176.69770982	0.685352963464
CMTSOLUTION_201004140125A	1.28985904064	0.270489096353	4.35954463529	0.647430098226
CMTSOLUTION_201004172315A	0.811180157762	0.0668920254238	334.264729482	0.963001861135
CMTSOLUTION_201004231003A	0.966559483038	0.0290787292619	355.287069048	0.95949364361
CMTSOLUTION_201004240741A	0.67814755614	0.0599525145318	88.948711797	0.859798609224
CMTSOLUTION_201004260259A	1.32745278908	0.315870876865	3518.10000774	0.924329218283
CMTSOLUTION_201004302311A	0.780098206578	0.0649510826785	5426.7039113	0.886996717531
CMTSOLUTION_201004302316A	0.769281980505	0.0707774118796	5309.1797114	0.858031806564
CMTSOLUTION_201005031027A	1.0965085032	0.153396813648	117.288465508	0.905316156024
CMTSOLUTION_201005032309A	0.858680879034	0.0350617528212	1486.3224662	0.997603169781
CMTSOLUTION_201005051629A	0.988774593913	0.108436933436	1036.69861389	0.746758008168
CMTSOLUTION_201005060242A	0.738775126655	0.0428141269216	490.48571629	0.869121712747
CMTSOLUTION_201005090559A	1.02993131902	0.136413850751	6127.86585171	0.868055447727
CMTSOLUTION_201005141229A	0.655197689834	0.0780313400032	709.686638696	0.888156613327
CMTSOLUTION_201005160652A	0.636151425001	0.101421360888	42.4624571515	0.940687329488
CMTSOLUTION_201005190415A	0.870341668346	0.224965979121	119.545171601	-0.612428068581
CMTSOLUTION_201005232246A	0.872030221494	0.0714216171967	31.7672658347	0.960552119294
CMTSOLUTION_201005241618A	2.34048590551	0.141545288652	407.999107831	0.754022393803
CMTSOLUTION_201005251009A	1.03196573054	0.0808030843314	1759.3056954	0.965575446921
CMTSOLUTION_201005260853A	0.803923370018	0.106904924488	2500.67415135	0.929580445369
CMTSOLUTION_201005311951A	0.856867739827	0.298252074207	343.700537783	0.807976595446
CMTSOLUTION_201006010326A	0.929749565898	0.0243763186185	444.648755897	0.992952029722
CMTSOLUTION_201006121926A	0.677441253384	0.0337066203013	14137.658986	0.975523050738
CMTSOLUTION_201006160306A	1.18440608922	0.196803149367	2316.28248415	0.97315359642
CMTSOLUTION_201006160316A	1.18239913961	0.196697167251	3428.29258284	0.943984199075
CMTSOLUTION_201006160358A	1.18572137728	0.194353701284	1039.52706443	0.983962928324
CMTSOLUTION_201006180223A	0.649990303754	0.00595525332152	1288.30011194	0.985152025954
CMTSOLUTION_201006240532A	0.886550683709	0.0557644252981	36.3519179613	0.974641133978
CMTSOLUTION_201006260530A	0.657868833532	0.0655722811155	3799.10697704	0.915863174367
CMTSOLUTION_201006300722A	0.761743003483	0.00866226493872	371.031508509	0.99258229714
CMTSOLUTION_201007042155A	1.08270806918	0.0500195892112	1798.85935129	0.859770616828
CMTSOLUTION_201007101143A	0.712378104124	0.0862701637118	1005.55155548	0.97830532982
CMTSOLUTION_201007120011A	0.811785540238	0.0318166581693	411.115255404	0.946026506293
CMTSOLUTION_201007140832A	0.854923783352	0.0602613720339	2426.34304633	0.972895019014
CMTSOLUTION_201007161853A	3.03004849758	0.368346837619	107.381039394	0.936190666239
CMTSOLUTION_201007180556A	1.19363239233	0.0495629857615	4164.25299606	0.975287302403
CMTSOLUTION_201007181304A	0.550480452966	0.107648906907	7085.67328517	0.972683849485
CMTSOLUTION_201007181335A	0.565506362964	0.115034186636	7047.28333515	0.99054660482
CMTSOLUTION_201007181948A	1.09236217672	0.0668617446072	111.560205235	0.971904382513
CMTSOLUTION_201007201918A	0.697636440116	0.0819743251284	147.314127037	0.958017298574
CMTSOLUTION_201007210916A	0.846381026209	0.12131706039	85.4061949182	0.898279847344
CMTSOLUTION_201007232208A	1.73847427019	0.037809726098	4789.65580717	0.759052432847
CMTSOLUTION_201007232251A	1.72790074839	0.0249794937399	320.236073734	0.750586592874
CMTSOLUTION_201007232315A	1.73095057847	0.0343125039696	51.5957593989	0.81679860364
CMTSOLUTION_201007240535A	1.09381762591	0.137554758736	84.4456282001	0.973817553409
CMTSOLUTION_201007290731A	1.20838892533	0.0600162597726	171.828173164	0.94293867852
CMTSOLUTION_201007300356A	0.82653662627	0.0434388014253	2201.10840455	0.907975107209
CMTSOLUTION_201008031208A	0.842275184142	0.136812984264	302.506950841	0.820160148012
CMTSOLUTION_201008040715A	0.982410627507	0.0338714369495	11.5852134633	0.97455641107
CMTSOLUTION_201008041258A	0.756252383925	0.129760602038	512.136472814	0.95784219012
CMTSOLUTION_201008042201A	0.760845583002	0.0121493497653	2101.90995339	-0.991391413787
CMTSOLUTION_201008121154A	NOT FOUND	NOT FOUND	3663.93335107	0.408658627528
CMTSOLUTION_201008132119A	0.737278657825	0.044622553025	15204.172152	0.985293643883
CMTSOLUTION_201008140730A	0.728684316448	0.0663409275135	1847.46419404	0.99434666905
CMTSOLUTION_201008142301A	0.749185481821	0.0614170526732	1384.10381111	0.990010137018
CMTSOLUTION_201008151509A	0.727211824909	0.167068155901	69.9174648095	0.910699157561
CMTSOLUTION_201008160330A	1.30991730045	0.183627814746	170.854538277	0.957738912926
CMTSOLUTION_201008181628A	0.783234279982	0.0909483328446	687.560564043	0.988706190641
CMTSOLUTION_201008201756A	0.875527926692	0.029691744618	221.985908158	0.997075090314
CMTSOLUTION_201008221023A	NOT FOUND	NOT FOUND	438.128083538	0.537200395101
CMTSOLUTION_201008240212A	0.947267113967	0.133689065458	307.586023729	0.9203068206
CMTSOLUTION_201009031116A	0.847838657934	0.0297113254644	1329.69331291	0.995628982972
CMTSOLUTION_201009090728A	0.770938242523	0.01377694104	1094.94396767	0.994194399218
CMTSOLUTION_201009171921A	0.714799924166	0.0199152913094	253.151437781	0.92434094514
CMTSOLUTION_201009261212A	0.644227406397	0.0411138261836	108.141192583	-0.996849882119
CMTSOLUTION_201009270008A	1.13622734938	0.0491203799154	311.716570515	0.967004122962
CMTSOLUTION_201009291711A	1.15229685145	0.148765751629	2368.9675019	0.909653996649
CMTSOLUTION_201010031521A	0.95197130745	0.0168607486044	181.360848592	0.967496176374
CMTSOLUTION_201010041328A	0.749789677923	0.145264645316	493.443384741	0.947625747291
CMTSOLUTION_201010080326A	1.12805787841	0.00658798439679	2226.63659207	0.991462943367
CMTSOLUTION_201010080349A	1.12807194739	0.00433633234171	2082.81885602	0.996617079619
CMTSOLUTION_201010080543A	1.53594911324	0.176672360353	5.10451705827	0.815874785918
CMTSOLUTION_201010211753A	0.626573879516	0.0164472084409	9031.72196338	0.979301867535
CMTSOLUTION_201010251442A	1.42239412198	0.224909589012	2311.23512652	0.736289668289
CMTSOLUTION_201010251937A	1.8726710004	0.112932463592	18.6440515273	0.896274274657
CMTSOLUTION_201011030056A	1.38660735356	0.156193050129	212.685484188	0.747065492396
CMTSOLUTION_201011030251A	0.411961494823	0.0115753484978	28.6501180496	0.935811518312
CMTSOLUTION_201011031118A	1.11032534007	0.327191620477	59.5778016432	0.959322501992
CMTSOLUTION_201011031813A	0.826710276664	0.0834404687972	11.6748060426	0.782661945563
CMTSOLUTION_201011100405A	NOT FOUND	NOT FOUND	499.561794084	0.501819957808
CMTSOLUTION_201011230901A	0.753777437212	0.0192694975482	135.401101868	0.821454701837
CMTSOLUTION_201011300324A	0.61947337827	0.10415268334	310.794784526	0.942176979614
CMTSOLUTION_201012020312A	0.605041611524	0.0453531108078	2441.8212895	0.865341547654
CMTSOLUTION_201012080524A	0.769240746636	0.0324495539782	462.185762188	0.883719425155
CMTSOLUTION_201012130114A	0.723655531623	0.0383623985956	140.010832997	0.977237920754
CMTSOLUTION_201012151129A	0.906482097168	0.215162326986	50.9161221093	0.898830237377
CMTSOLUTION_201012201841A	0.908401668533	0.0190099344891	348.096163576	0.83005067398
CMTSOLUTION_201012211719A	0.752361536526	0.00472907090485	4477.21964021	0.885943214108
CMTSOLUTION_201012222149A	0.858057291743	0.0231486159439	739.368101681	0.978845456874
CMTSOLUTION_201012231400A	0.998567698815	0.0935787540249	970.147125806	0.92421215392
CMTSOLUTION_201101010956A	NOT FOUND	NOT FOUND	481.131381552	0.434503262862
CMTSOLUTION_201101022020A	0.70651929075	0.0790477450029	3119.70510574	0.988785846501
CMTSOLUTION_201101122132A	0.889149207678	0.128671937903	73.2858255156	0.909916405813
CMTSOLUTION_201101171920A	0.931419402096	0.0338826297666	150.487416044	0.955898718086
CMTSOLUTION_201101182023A	0.847470214088	0.156366461865	8807.64878	0.973751117934
CMTSOLUTION_201101190917A	0.630942481929	0.00770429829968	133.665664722	0.996306048087
CMTSOLUTION_201101240245A	NOT FOUND	NOT FOUND	31.1290379126	0.440096948894
CMTSOLUTION_201101261542A	2.06431939137	0.0480499497776	130.884970555	0.832599640523
CMTSOLUTION_201101270838A	0.957228300931	0.0525654437439	977.467488121	0.910129654842
CMTSOLUTION_201101290655A	0.907096351038	0.0837769894962	4742.15593723	0.989274568501
CMTSOLUTION_201102041353A	1.01262468967	0.0473298197931	36.3076829738	0.930356175254
CMTSOLUTION_201102071953A	1.52306610452	0.117168320365	117.384561916	0.933920226377
CMTSOLUTION_201102101439A	1.63395629247	0.0999303856439	33.3668381173	0.861837887265
CMTSOLUTION_201102101441A	1.61736504215	0.0956462768315	34.461244359	0.925903352654
CMTSOLUTION_201102112005A	0.815132666047	0.0143655428552	2831.45747328	0.995206370327
CMTSOLUTION_201102112339A	0.836607218249	0.0856002100906	32.923483595	0.997280799993
CMTSOLUTION_201102120117A	0.8386806901	0.0862440956437	13.9681966173	0.993222686145
CMTSOLUTION_201102140340A	0.97027231944	0.0281202590621	437.02898095	0.97670919085
CMTSOLUTION_201102151333A	0.632406901064	0.0566042993226	43.1103046411	0.938309736637
CMTSOLUTION_201102202143A	0.897765987871	0.0626888078274	236.740846153	0.910537460355
CMTSOLUTION_201102251307A	0.814556063614	0.046338099529	38.7763032711	0.986440760697
CMTSOLUTION_201103010053A	0.597035230842	0.0485887887205	71.3301604972	0.906029738024
CMTSOLUTION_201103061231A	0.894295035647	0.0546782918863	232.978222698	0.826939601644
CMTSOLUTION_201103061432A	0.82748207953	0.0121457650433	154.682306294	0.997032014476
CMTSOLUTION_201103070009A	0.968623920924	0.0185343763963	1839.16680395	0.994541682678
CMTSOLUTION_201103090245A	0.800276818807	0.0122277512588	18018.1536901	0.976196912952
CMTSOLUTION_201103091816A	0.817812270474	0.0788616592344	201.111504861	0.968659652793
CMTSOLUTION_201103092124A	1.00637194403	0.0851722757225	457.35294756	0.959172442901
CMTSOLUTION_201103092124B	0.906673080558	0.0143409036568	381.178495682	0.949355205956
CMTSOLUTION_201103101708A	1.8119992825	0.163620677676	121.024857377	0.731551080794
CMTSOLUTION_201103110546A	0.71847693679	0.0683691549824	169210.875364	0.960363259186
CMTSOLUTION_201103110615A	0.730498130598	0.0764878899315	113144.063629	0.942835836762
CMTSOLUTION_201103110625A	0.72219107551	0.0696297403257	213.74033799	0.938151134456
CMTSOLUTION_201103111859A	0.919116795651	0.0132490585073	46.341686969	0.987233394936
CMTSOLUTION_201103111902A	0.953258636971	0.00952126900965	55.9063150678	0.976610950603
CMTSOLUTION_201103111946A	0.942816057308	0.0153905226709	51.6086553073	0.979633784514
CMTSOLUTION_201103112011A	0.962358876983	0.0131509893428	41.3336495261	0.991470027957
CMTSOLUTION_201103120147A	0.970570246005	0.21476497586	354.175623206	0.985532415446
CMTSOLUTION_201103121315A	0.991724493125	0.0664894881652	67.8749103118	0.986803181848
CMTSOLUTION_201103130126A	0.889438683709	0.00726319242799	155.882465507	0.911994616164
CMTSOLUTION_201103140612A	0.878753417829	0.0329802495069	797.329822224	0.97037704062
CMTSOLUTION_201103151327A	0.972075225381	0.0165100923727	66.9601129258	0.939241327796
CMTSOLUTION_201103151331A	0.977819220107	0.0175101901902	93.8615290723	0.941522886822
CMTSOLUTION_201103151523A	1.41541751042	0.216219551107	26.0856375783	0.960949533248
CMTSOLUTION_201103170413A	0.849565901338	0.168574486629	49.0276629437	0.987800771978
CMTSOLUTION_201103200826A	1.16121414462	0.121226614657	127.874846884	0.954901327647
CMTSOLUTION_201103220718A	0.996801801551	0.0997229409662	560.760098684	0.959534296901
CMTSOLUTION_201103220919A	NOT FOUND	NOT FOUND	76.0885432608	0.428706651202
CMTSOLUTION_201103220944A	NOT FOUND	NOT FOUND	197.255785097	0.402004701413
CMTSOLUTION_201103241355A	0.727165797947	0.0843404535746	6772.90472361	-0.961514760499
CMTSOLUTION_201103251136A	0.922097830556	0.0524657733232	261.333607008	0.975281180035
CMTSOLUTION_201103272223A	1.0056603658	0.0137686492819	1963.0473385	0.962824437795
CMTSOLUTION_201103291054A	0.78302681618	0.0646887990226	2510.5007779	0.957230944918
CMTSOLUTION_201103310715A	0.850399962692	0.0623050469531	418.468387725	0.938921460568
CMTSOLUTION_201104011329A	0.952380160886	0.0909820965923	19.1430859914	0.940497405249
CMTSOLUTION_201104032006A	1.49322909214	0.0917307368345	593.676502992	0.839448417014
CMTSOLUTION_201104071311A	1.97928642279	0.0509894136325	10795.0234462	0.616433957102
CMTSOLUTION_201104071432A	0.741101106459	0.114369637502	88.5949439474	0.983855686759
CMTSOLUTION_201104091257A	0.80911551731	0.0147513521315	783.956829745	0.964448303176
CMTSOLUTION_201104110816A	1.28940067014	0.242573500337	2922.71097979	0.878718840363
CMTSOLUTION_201104112308A	0.819200385871	0.0910358284799	1828.50712669	0.838861087416
CMTSOLUTION_201104131957A	1.22932364099	0.0215372168934	1707.42416475	0.987810074166
CMTSOLUTION_201104211337A	0.962467156771	0.0163489723891	386.822962624	0.831592670572
CMTSOLUTION_201104230416A	0.789547134291	0.0704956571413	2317.59251709	0.951717599456
CMTSOLUTION_201104231012A	0.832644305273	0.00722899159299	492.39389859	0.937707564794
CMTSOLUTION_201104242307A	NOT FOUND	NOT FOUND	644.153029273	-0.132040088901
CMTSOLUTION_201104300819A	0.850605535702	0.0445622938437	58.6359681103	0.971555985481
CMTSOLUTION_201105061620A	0.932692035225	0.0471161085065	49.8201829367	0.971516085636
CMTSOLUTION_201105080650A	0.948144017185	0.0170103210831	159.794868051	0.876600941359
CMTSOLUTION_201105111647A	NOT FOUND	NOT FOUND	102.648204635	-0.567802028645
CMTSOLUTION_201105132247A	NOT FOUND	NOT FOUND	742.703694717	-0.498418520359
CMTSOLUTION_201105132335A	0.964421680054	0.0238716574292	158.02505709	0.983938058801
CMTSOLUTION_201105142107A	NOT FOUND	NOT FOUND	527.949752895	0.0512291301893
CMTSOLUTION_201105151308A	0.989689309559	0.160287763735	447.07054931	0.924903972341
CMTSOLUTION_201105151837A	0.852867250654	0.0374742322413	782.353411176	0.930363460907
CMTSOLUTION_201105192015A	NOT FOUND	NOT FOUND	742.271271027	0.520631287241
CMTSOLUTION_201105280547A	1.0211120806	0.0689142975221	41.7771012266	0.737915871995
CMTSOLUTION_201106011255A	0.810358946568	0.0240382750423	1999.63614615	0.9911009833
CMTSOLUTION_201106030005A	0.833130381013	0.141707697873	2108.55340935	0.945880039586
CMTSOLUTION_201106131431A	0.879649406424	0.0423878480392	286.506295942	0.768884250352
CMTSOLUTION_201106160003A	0.820923926707	0.00888599128157	1709.19249769	0.904273258264
CMTSOLUTION_201106201635A	0.659628348411	0.00154691346737	277.266119183	0.891269834726
CMTSOLUTION_201106210204A	0.452299184321	0.0551564311773	213.078494943	0.639319725779
CMTSOLUTION_201106222150A	1.07203767102	0.249967340907	4624.12949961	0.989692943008
CMTSOLUTION_201106230734A	NOT FOUND	NOT FOUND	1132.54896354	-0.0581456841228
CMTSOLUTION_201106240309A	1.34414100431	0.136684316844	6953.24225196	0.991429215903
CMTSOLUTION_201106261216A	1.07728485572	0.0487606231022	1390.78179857	0.792180029495
CMTSOLUTION_201107100057A	1.65468628722	0.0563459641785	2576.64278184	0.951999244422
CMTSOLUTION_201107112047A	0.957389534267	0.114075148359	1557.07647874	0.757782803639
CMTSOLUTION_201107151326A	1.1209765366	0.0455133544513	34.4831596229	0.93382798549
CMTSOLUTION_201107160026A	0.952451224593	0.0152775076924	400.431097498	0.997909562575
CMTSOLUTION_201107161959A	0.947760979586	0.0104989046677	45.7504138551	0.980368386814
CMTSOLUTION_201107190713A	1.86808234836	0.0170613139039	102.27178403	0.670720865817
CMTSOLUTION_201107191935A	1.02396806803	0.0189514296493	2082.16956655	0.980911379748
CMTSOLUTION_201107202204A	0.856540407814	0.0298143153794	210.106055643	0.947303743678
CMTSOLUTION_201107230434A	0.871722513747	0.0521082377417	908.269786766	0.963613696022
CMTSOLUTION_201107241851A	1.03643736585	0.0743218625776	1054.5858442	0.91069649951
CMTSOLUTION_201107250050A	0.730843185276	0.0304249070305	1233.62846674	0.957676676693
CMTSOLUTION_201107251757A	0.78615877258	0.105986367876	222.51838116	0.964225581763
CMTSOLUTION_201107261744A	0.680936767783	0.0109635229352	362.200408851	0.923346427677
CMTSOLUTION_201107301853A	2.44323707757	0.110559440045	725.8739698	0.932856693003
CMTSOLUTION_201107312338A	0.700743118258	0.0101517041738	6345.45391171	0.993635673189
CMTSOLUTION_201108041351A	0.863492694394	0.14691989871	391.553641885	0.940926354483
CMTSOLUTION_201108071435A	0.997092608852	0.0262522222056	59.3934592987	0.96337482611
CMTSOLUTION_201108102345A	0.785696056227	0.0608022859446	637.409453856	0.983489784661
CMTSOLUTION_201108161103A	2.55826106878	0.176573487753	109.490320558	0.897477328491
CMTSOLUTION_201108171144A	0.903741780235	0.0822608483807	1302.25621829	0.896879822236
CMTSOLUTION_201108190536A	0.945511075831	0.0839590703966	83.4671896619	0.952272228884
CMTSOLUTION_201108222012A	0.967763793097	0.106136083279	354.631033804	0.863765313963
CMTSOLUTION_201108241746A	0.787041138436	0.0491894954138	814.850950401	0.848847938625
CMTSOLUTION_201108300657A	1.11231420506	0.119524823032	831.098980446	0.706031050375
CMTSOLUTION_201108311217A	0.806843973557	0.0218549514701	118.678583252	0.982234418506
CMTSOLUTION_201109021055A	1.15003080815	0.074201934239	3153.24843739	0.921978878336
CMTSOLUTION_201109021347A	NOT FOUND	NOT FOUND	7.27128996838	0.488158830421
CMTSOLUTION_201109030449A	0.80421084944	0.0347226087261	931.588583348	0.988117909482
CMTSOLUTION_201109051755A	NOT FOUND	NOT FOUND	329.845357717	0.557291925515
CMTSOLUTION_201109091941A	0.648156247896	0.0203156438408	1733.22107045	0.947281892448
CMTSOLUTION_201109141810A	0.969531409751	0.0511729517431	212.139461832	0.984540807567
CMTSOLUTION_201109150800A	0.954620121562	0.0913810364455	1727.31474141	0.903871120653
CMTSOLUTION_201109161926A	1.37489201871	0.124512258859	4153.99985315	0.966067183215
CMTSOLUTION_201109162108A	1.42390193002	0.0969627611664	7.11638498757	0.991172185897
CMTSOLUTION_201109181240A	0.809734480033	0.0802067879749	1493.58629358	0.783358929336
CMTSOLUTION_201109220322A	0.985142293303	0.0293589069042	485.91514667	0.833227031453
CMTSOLUTION_201110052352A	0.97925914079	0.0786041583589	439.255065663	0.804282158574
CMTSOLUTION_201110060003A	0.986815187477	0.0749126811443	424.67876267	0.857396999012
CMTSOLUTION_201110060039A	0.992547488724	0.0641689111814	34.9252459739	0.960945745681
CMTSOLUTION_201110130316A	0.953829602722	0.0546780978712	89.4532679937	-0.79828805343
CMTSOLUTION_201110140335A	0.699006373063	0.0503754320023	2301.10526	0.987672247565
CMTSOLUTION_201110140610A	1.03337418798	0.189125418926	10.9461468061	0.926358797972
CMTSOLUTION_201110180505A	0.709749690691	0.0264337255622	207.447267224	0.969944991918
CMTSOLUTION_201110210802A	1.02824038363	0.0716952063221	106.214820576	0.959732596986
CMTSOLUTION_201110231041A	0.879461736278	0.139385336621	61333.4111621	0.834653539956
CMTSOLUTION_201110231810A	2.48061971499	0.133406408024	420.016362694	-0.743525521524
CMTSOLUTION_201110232045A	0.805241776762	0.0264158470088	455.012205989	0.87636789105
CMTSOLUTION_201110251455A	0.825633214214	0.0370250859975	356.376681818	0.919903212069
CMTSOLUTION_201110270804A	0.913431977419	0.204040374456	35.1539031311	0.861914167135
CMTSOLUTION_201110281854A	0.802064444083	0.0467595690347	4168.190933	0.996264153435
CMTSOLUTION_201110292224A	1.27501825436	0.0933087912923	9.50577742692	0.811234946195
CMTSOLUTION_201111011232A	0.666781385404	0.089712491088	224.633597552	0.970185516192
CMTSOLUTION_201111072235A	2.3480733044	0.274798963943	85.033865462	0.892645089651
CMTSOLUTION_201111080259A	1.65775229504	0.209299498742	1397.22591216	0.89111497949
CMTSOLUTION_201111082205A	0.808334346375	0.0239720384267	109.710889973	0.979062410605
CMTSOLUTION_201111091923A	1.3548619908	0.116592537248	717.052252841	0.958646170932
CMTSOLUTION_201111140405A	0.977644165013	0.047491985839	218.329948646	0.934288818657
CMTSOLUTION_201111142208A	0.748960507371	0.00709653908543	34.8673703516	0.997294794381
CMTSOLUTION_201111170157A	0.896699133905	0.0125387917076	221.353072049	0.96314639348
CMTSOLUTION_201111180600A	0.701067032325	0.00734300159199	69.5311309637	0.971320421944
CMTSOLUTION_201111221848A	2.12616475496	0.107739330102	90.6389223696	0.804982071325
CMTSOLUTION_201111231217A	0.828155406669	0.00680126964469	311.176925811	0.862812266646
CMTSOLUTION_201111231924A	0.99629706046	0.0148709717518	374.727102989	0.940138613189
CMTSOLUTION_201111241025A	1.3104429411	0.115454627829	464.613486681	0.915299236636
CMTSOLUTION_201111281226A	0.830043438914	0.0391849599044	282.020231446	0.9558958116
CMTSOLUTION_201111300027A	1.47937355177	0.137096455978	127.195871962	0.872907835633
CMTSOLUTION_201111300047A	1.39572681863	0.11525022213	156.829443392	0.665141224503
CMTSOLUTION_201112012135A	0.813137786506	0.0304842897007	27.4618389117	0.956226125948
CMTSOLUTION_201112072223A	0.916647288929	0.0143549451943	467.694502914	0.998817359383
CMTSOLUTION_201112110147A	0.727856217629	0.02073323307	353.88344725	0.975763461988
CMTSOLUTION_201112110954A	0.860595886665	0.0361289545438	69.9088640486	0.880304522086
CMTSOLUTION_201112130752A	1.61162075196	0.0706186550283	21.8018530766	0.878635565811
CMTSOLUTION_201112140504A	1.40933573888	0.162877514276	344.273301531	0.902206831908
CMTSOLUTION_201112271521A	0.81744084198	0.0329786546343	5813.37027166	0.963498934494
CMTSOLUTION_201201010527A	0.681314913215	0.0398316188537	681.244156018	0.633624048625
CMTSOLUTION_201201101837A	1.22624570325	0.0938316089923	1036.58676563	0.948241473846
CMTSOLUTION_201201151340A	0.716745113334	0.0834548125704	486.165929004	0.884133647164
CMTSOLUTION_201201151421A	0.709010867369	0.098307167304	352.266327931	0.836332079733
CMTSOLUTION_201201211847A	0.856237026485	0.0740703206379	158.902762488	0.984247144301
CMTSOLUTION_201201231604A	0.781204371825	0.0183923604247	1073.80977087	0.989586726064
CMTSOLUTION_201201260424A	0.857508561809	0.0615775467619	92.0356751553	0.829563659999
CMTSOLUTION_201201270133A	0.926681968806	0.0839365880649	153.00766456	0.919638742262
CMTSOLUTION_201201300511A	0.72924486208	0.0609941699038	454.791826523	0.950585086088
CMTSOLUTION_201202061010A	0.777223802716	0.100461137724	6.56815408931	0.97615802842
CMTSOLUTION_201202140134A	1.50230419172	0.31019883481	126.224041375	0.876620519136
CMTSOLUTION_201202140819A	0.901243870175	0.0539243833112	56.1131666108	0.986146425816
CMTSOLUTION_201202260617A	0.867816120214	0.054447618821	3544.76459711	0.929158438938
CMTSOLUTION_201203040331A	1.62278551037	0.10994498224	53.4483180638	0.923553226526
CMTSOLUTION_201203050746A	NOT FOUND	NOT FOUND	10.5285894054	-0.380540148004
CMTSOLUTION_201203140908A	0.818212535675	0.0141430274622	5018.58782537	0.942643746835
CMTSOLUTION_201203141049A	0.799997610588	0.0152715773671	10.2594647422	0.933954860153
CMTSOLUTION_201203141205A	0.725489350631	0.286207003415	6.9029438676	-0.831658625114
CMTSOLUTION_201203142113A	0.764907475522	0.0424645557691	146.927305663	0.950470715796
CMTSOLUTION_201203201756A	0.977167490976	0.0274904864508	37331.6297753	-0.927048186693
CMTSOLUTION_201203201802A	0.729812926977	0.0271904645373	34301.5483169	0.997517322627
CMTSOLUTION_201203252237A	0.874771089876	0.0361147836894	7879.23299067	0.992702803267
CMTSOLUTION_201203261035A	0.983057876339	0.0459854791684	21.5989988821	0.94455601308
CMTSOLUTION_201203261812A	0.940234973715	0.0289446800213	68.0498913258	0.964536570871
CMTSOLUTION_201203271100A	0.931549976375	0.0149672712414	589.952049046	0.938321054564
CMTSOLUTION_201204021736A	0.752270239449	0.0251749419065	738.108162517	0.979972262192
CMTSOLUTION_201204061615A	0.550525769264	0.055000725468	93.7588650199	-0.870472809892
CMTSOLUTION_201204112241A	0.651974616881	0.0410733796093	1485.88286195	0.883820762054
CMTSOLUTION_201204112255A	0.668368744746	0.0645575855591	1353.82042584	0.967872713118
CMTSOLUTION_201204120706A	0.844781500882	0.0418527517673	14537.9999592	0.993788484775
CMTSOLUTION_201204120715A	0.843658096713	0.0411110572756	13798.3382407	0.98913514165
CMTSOLUTION_201204141056A	0.822598581995	0.0312509144529	302.912419475	0.950353395066
CMTSOLUTION_201204150557A	0.53221006192	0.0695273965086	270.625663478	0.923319869616
CMTSOLUTION_201204161123A	1.04258532566	0.0332635944112	186.849425599	0.9438587921
CMTSOLUTION_201204170350A	0.976634115676	0.034787179971	3822.00058835	0.958009150762
CMTSOLUTION_201204170713A	0.7882608848	0.00183161864806	71.3810245508	0.985054112735
CMTSOLUTION_201204171903A	0.76730780843	0.0616304328555	268.784653676	0.994516851068
CMTSOLUTION_201204200121A	0.724567608212	0.0700809230298	69.7453555462	0.910821554691
CMTSOLUTION_201204210116A	1.03495652199	0.10838627723	248.138413099	0.915861976185
CMTSOLUTION_201204210125A	1.06838292433	0.110341453512	296.947176594	0.965500030614
CMTSOLUTION_201205012243A	0.79054180809	0.0188636543576	621.2555589	0.981803818445
CMTSOLUTION_201205031009A	1.13088221105	0.0918875240746	74.00386651	0.980994671799
CMTSOLUTION_201205031520A	1.62585212969	0.0850323406388	126.109300177	0.61007069908
CMTSOLUTION_201205070440A	1.022564575	0.226147393155	797.931331769	0.786055663321
CMTSOLUTION_201205071415A	2.04698031877	0.142827796815	177.089009689	0.769132913199
CMTSOLUTION_201205141000A	0.937497739782	0.0192134900876	267.623309246	0.995601058819
CMTSOLUTION_201205180200A	1.00645316711	0.123195293965	1069.82061112	0.987961728357
CMTSOLUTION_201205200719A	0.902805298615	0.0137552411296	2453.90278954	0.956244519807
CMTSOLUTION_201205220000A	1.14356117458	0.189135853376	1299.74507556	0.920358115929
CMTSOLUTION_201205231502A	0.979880233925	0.013548535067	343.44250433	0.995550775577
CMTSOLUTION_201205242247A	0.973263926765	0.0589215992709	3866.23576693	0.98864069103
CMTSOLUTION_201205262148A	0.795000214599	0.0192030630271	25.8901546449	0.856489278004
CMTSOLUTION_201205280507A	NOT FOUND	NOT FOUND	768.962264147	-0.357877768949
CMTSOLUTION_201206020752A	2.5925382066	0.312296138272	50.8462159185	-0.958936314297
CMTSOLUTION_201206040045A	0.757695625836	0.020693865226	472.855385255	0.998142363173
CMTSOLUTION_201206040315A	0.924101850389	0.0296220409271	56.3999421312	0.957858824645
CMTSOLUTION_201206051931A	0.939159721333	0.0750979648891	1410.32480295	0.992315620227
CMTSOLUTION_201206070405A	1.00939341649	0.0104234701399	454.865083293	0.891839753293
CMTSOLUTION_201206071603A	0.68003335193	0.00497991918427	59.8818574116	0.98125107031
CMTSOLUTION_201206072054A	NOT FOUND	NOT FOUND	124.495908535	0.545240634874
CMTSOLUTION_201206101244A	1.00160719303	0.0595663794744	3325.41624195	0.937784804713
CMTSOLUTION_201206140552A	0.780079556909	0.154458539303	49.3031955407	0.907906036111
CMTSOLUTION_201206172032A	0.851485848802	0.0551240278468	1006.2513741	0.965511957945
CMTSOLUTION_201206191556A	1.37951360362	0.164579622769	230.340086603	0.837549613769
CMTSOLUTION_201206230434A	1.3640934672	0.0337449734555	169.882950715	0.969817345543
CMTSOLUTION_201206240315A	0.70202005996	0.046887293033	434.959723598	0.81873935682
CMTSOLUTION_201206251305A	0.962838243934	0.0396378881466	58.3847272961	0.987010095129
CMTSOLUTION_201206292107A	NOT FOUND	NOT FOUND	3113.84822432	-0.202514534635
CMTSOLUTION_201207081133A	0.906741138678	0.0206476965642	737.50851953	0.979356585303
CMTSOLUTION_201207091355A	1.92183803885	0.192889902843	125.780428145	0.83059054325
CMTSOLUTION_201207200610A	1.251263553	0.0818913812208	451.915861984	0.986763812424
CMTSOLUTION_201207250027A	1.85081308908	0.0230176329019	1031.78613676	0.9497950627
CMTSOLUTION_201207251120A	1.11728058243	0.124117721638	1563.53204411	0.942087746284
CMTSOLUTION_201207260533A	0.374894185865	0.083073222672	546.871568228	0.884074447085
CMTSOLUTION_201207282004A	0.653188319273	0.0122934382189	961.334345511	0.997558717308
CMTSOLUTION_201208020938A	1.040484615	0.202070110719	196.445075817	-0.953954378562
CMTSOLUTION_201208020956A	0.659116204455	0.0195018558814	219.654641338	0.986496707088
CMTSOLUTION_201208101837A	1.10700810645	0.142961139429	1515.29365386	0.926169818548
CMTSOLUTION_201208111223A	1.0482517464	0.0215335467644	5804.96224832	0.844400062789
CMTSOLUTION_201208111234A	1.02026946622	0.0566663810094	6105.616577	0.788922925782
CMTSOLUTION_201208121047A	0.931078286232	0.0433376427483	1244.67403823	0.675160993526
CMTSOLUTION_201208140259A	NOT FOUND	NOT FOUND	14985.9802142	0.269949606279
CMTSOLUTION_201208151749A	1.30731171696	0.0617799484003	27.5265809364	-0.639808927947
CMTSOLUTION_201208180941A	1.22875362088	0.0901412426832	360.013732263	0.912126569986
CMTSOLUTION_201208192241A	0.894871480923	0.0789730304813	72.7155440234	0.974190265781
CMTSOLUTION_201208261505A	1.10017379614	0.181137944296	443.368807697	0.784530543349
CMTSOLUTION_201208270437A	0.836029414264	0.0448520632775	9329.95737996	0.991504589578
CMTSOLUTION_201208301343A	0.852491552002	0.0653348937181	9842.23640359	0.987922618955
CMTSOLUTION_201208311247A	1.32680484291	0.0182700527986	16217.446026	0.996753231303
CMTSOLUTION_201209031823A	1.06813675509	0.146674782468	302.519357402	0.832305869468
CMTSOLUTION_201209051442A	0.852380380239	0.0513701592103	5683.36895589	0.922530305785
CMTSOLUTION_201209081051A	1.52118622221	0.190956223927	210.35687849	0.958458801751
CMTSOLUTION_201209120327A	NOT FOUND	NOT FOUND	135.465976787	0.56061945787
CMTSOLUTION_201209140451A	1.61908291521	0.121062852565	213.656267889	0.882232580837
CMTSOLUTION_201209190917A	1.87931919203	0.264009641685	31.2689004544	0.922432860838
CMTSOLUTION_201209220352A	NOT FOUND	NOT FOUND	88.5740280516	0.598111914491
CMTSOLUTION_201209252345A	0.933586069435	0.0216594678435	1198.26794919	0.98886460827
CMTSOLUTION_201209262339A	0.868141513841	0.0266729347731	1092.726404	0.9087546124
CMTSOLUTION_201209301631A	0.964396776025	0.0694606902788	2466.08077045	0.710430937113
CMTSOLUTION_201210012221A	1.26129377167	0.107036910491	1430.44145807	0.975009446581
CMTSOLUTION_201210080626A	0.714801643672	0.056268374638	486.011396835	0.977447752295
CMTSOLUTION_201210081143A	1.08119762197	0.137420169862	245.974757993	0.892376780245
CMTSOLUTION_201210120031A	0.636796902726	0.0261151549634	1319.50756655	0.964113561605
CMTSOLUTION_201210141013A	0.658805620896	0.158934078975	229.402961606	0.861165141837
CMTSOLUTION_201210170442A	1.12533812996	0.0302574224536	21.9643212992	0.779071591163
CMTSOLUTION_201210240045A	0.843326617222	0.0623153712409	2317.35489833	0.986359924815
CMTSOLUTION_201210252305A	0.893096340898	0.0270296249884	285.205301016	0.786044689951
CMTSOLUTION_201210280304A	0.82951710933	0.00727949322011	14306.8810638	0.996515142904
CMTSOLUTION_201210281854A	0.615047492736	0.0769948130399	3121.59248217	0.973105070871
CMTSOLUTION_201210300249A	0.546515291168	0.0564313652369	3092.2914694	0.939283068703
CMTSOLUTION_201211021817A	0.5767841465	0.00347350459367	151.216840041	0.938049106511
CMTSOLUTION_201211070626A	0.748979221301	0.0357194034969	68.2408479867	0.965936994102
CMTSOLUTION_201211071635A	0.773599616148	0.0634908586854	8774.62275478	0.955980981936
CMTSOLUTION_201211080201A	0.744353185278	0.109279210725	1003.86770459	0.849203928966
CMTSOLUTION_201211101457A	1.79354192676	0.125967138902	15.1834577566	0.839126791571
CMTSOLUTION_201211110112A	1.06215588072	0.0813798145419	769.162397115	0.90757958061
CMTSOLUTION_201211112215A	0.775904268448	0.0209995160583	450.724000301	0.991452434933
CMTSOLUTION_201211122042A	0.860623702904	0.138312784856	667.724926515	0.870758048705
CMTSOLUTION_201211130431A	0.712772490557	0.04738558569	476.083744689	0.99605585448
CMTSOLUTION_201211141902A	0.812444330842	0.117280853706	295.896451562	0.99611607143
CMTSOLUTION_201211150920A	0.904574854333	0.0539539596285	54.8057937568	0.922833602685
CMTSOLUTION_201211161812A	0.958673575964	0.115059057955	2193.448341	0.971017042162
CMTSOLUTION_201211190944A	0.733787074547	0.0303910543059	158.458063075	0.963463639971
CMTSOLUTION_201212070818A	0.60615617334	0.0511833493217	19075.7897359	0.829285862826
CMTSOLUTION_201212070818B	0.609873111224	0.0505580299491	19101.0962088	0.829655514867
CMTSOLUTION_201212070831A	0.619700664124	0.0386030271646	21235.8841927	0.868979924281
CMTSOLUTION_201212101653A	0.727604027504	0.0575089378726	2045.7461434	-0.785164145505
CMTSOLUTION_201212110618A	0.82255875599	0.0747501960444	61.439699055	0.888892940276
CMTSOLUTION_201212141036A	0.807971476201	0.0260165393631	990.127812951	0.902465343648
CMTSOLUTION_201212150449A	0.789379923977	0.0761627095204	132.039303798	0.985345047827
CMTSOLUTION_201212151930A	0.727678476124	0.00999539422209	76.0133112782	0.9989654763
CMTSOLUTION_201212231331A	1.20999432472	0.0576868125344	830.311611284	0.959645037225
CMTSOLUTION_201301050858A	0.909830246783	0.0322342466208	83421.199311	0.966094009712
CMTSOLUTION_201301081416A	1.50511249556	0.11854004262	1034.16636425	0.854612309919
CMTSOLUTION_201301202332A	0.8350091107	0.0457886417838	161.41087637	0.98314472576
CMTSOLUTION_201301281638A	1.20322335671	0.261079575984	249.149093223	0.742247649834
CMTSOLUTION_201301302015A	0.89550184925	0.0952867878679	1180.97031568	0.950870332794
CMTSOLUTION_201301302303A	0.803268315913	0.0428781019523	8.43338772863	0.894831801755
CMTSOLUTION_201301310333A	0.88982633248	0.0439775033186	144.176006124	0.968429837513
CMTSOLUTION_201302010536A	1.08804816014	0.219204369144	43.3350119359	0.941316505457
CMTSOLUTION_201302012216A	1.06391169527	0.0709160613862	430.995378815	0.990370241504
CMTSOLUTION_201302012218A	1.05734497927	0.0704519912352	401.273446784	0.992887469935
CMTSOLUTION_201302021417A	1.05311026527	0.0436591531807	487.473304216	0.962455520593
CMTSOLUTION_201302060007A	0.459760003817	0.0228202339145	935.92827656	0.925381839583
CMTSOLUTION_201302060112A	0.460625631346	0.0251395337906	690.805886082	0.92876857333
CMTSOLUTION_201302060123A	0.461747119885	0.02317820587	568.989720206	0.959784948558
CMTSOLUTION_201302060154A	0.462107738193	0.0227328354535	145.180546313	0.868249567488
CMTSOLUTION_201302060635A	0.883822160373	0.186455022154	16.0027260525	0.770641243019
CMTSOLUTION_201302061153A	0.862058924524	0.116320030297	26.7246366725	0.820172227515
CMTSOLUTION_201302160437A	1.26188891323	0.00692576299606	47.777162091	0.99002318861
CMTSOLUTION_201302170542A	0.99271609182	0.0505852803151	126.87161811	0.893759560035
CMTSOLUTION_201302221201A	NOT FOUND	NOT FOUND	30.5532960495	-0.303265944751
CMTSOLUTION_201303011253A	0.823510001066	0.0198386108485	1419.16312373	0.954266205348
CMTSOLUTION_201303011320A	0.82348043467	0.023597551398	1529.27501673	0.971490493293
CMTSOLUTION_201303102251A	0.676478486949	0.00821759202608	1664.85042997	0.992481324582
CMTSOLUTION_201303190329A	0.834230933069	0.0129127714458	448.352228884	0.997089432727
CMTSOLUTION_201303202228A	0.876990654376	0.0405503775013	573.039590114	0.974214299171
CMTSOLUTION_201303240418A	0.719158585843	0.103855824369	199.439989224	0.984650000232
CMTSOLUTION_201303252302A	0.576193328208	0.0320003372774	116.063428238	0.936104739015
CMTSOLUTION_201304011853A	1.09423121037	0.151500139134	928.828474939	0.927530531398
CMTSOLUTION_201304051300A	0.796924234108	0.072053956278	114.510736446	0.894831007222
CMTSOLUTION_201304060442A	1.15020120453	0.0535739706196	2128.84911933	0.890760398986
CMTSOLUTION_201304061126A	0.943332030978	0.0542625055001	87.1276666342	0.694636839015
CMTSOLUTION_201304091152A	0.759089476819	0.0806200058822	1409.03141671	0.964812779619
CMTSOLUTION_201304140132A	0.796255281075	0.0282531122204	821.280285754	0.992929186586
CMTSOLUTION_201304161044A	0.782503347156	0.0743128792013	21086.4546078	0.910943839917
CMTSOLUTION_201304162255A	0.733828363298	0.0458595768206	1102.17101642	0.970971776304
CMTSOLUTION_201304190305A	0.992419126183	0.104105098976	2877.50909842	0.97891247808
CMTSOLUTION_201304191958A	1.14662730244	0.0381701797404	213.958138345	0.961854516163
CMTSOLUTION_201304200002A	0.660982317648	0.0232062869906	2600.67493174	0.972609978396
CMTSOLUTION_201304201312A	0.874434349328	0.0602781526329	439.60297095	0.998663603643
CMTSOLUTION_201304210322A	0.922137899769	0.0688368678165	122.044824529	0.987369835762
CMTSOLUTION_201304220116A	0.731898507334	0.00581139665309	274.557235255	0.986428000677
CMTSOLUTION_201304232314A	0.579475856445	0.0222934164087	193.515407753	-0.994655097583
CMTSOLUTION_201304300625A	0.818145764016	0.0289605219236	746.045779786	0.994170554642
CMTSOLUTION_201305110208A	0.759824988055	0.0397925237551	2698.66272012	0.951141627047
CMTSOLUTION_201305140032A	0.781640354859	0.159026247771	213.20152797	0.950079572189
CMTSOLUTION_201305180548A	0.840126157392	0.0199866743326	22.4817446623	0.983306223966
CMTSOLUTION_201305190907A	0.912102873643	0.0394133450194	809.449347582	0.987893796182
CMTSOLUTION_201305200949A	1.04009567568	0.126062931	518.926967518	0.977018694859
CMTSOLUTION_201305210155A	0.889399351394	0.138087321532	324.033596266	0.921476099043
CMTSOLUTION_201305210543A	0.721204362078	0.0415700289817	60.132093623	0.908659389685
CMTSOLUTION_201305241456A	1.66658512632	0.164579512384	427.642441844	-0.740427693929
CMTSOLUTION_201305280009A	0.703304660058	0.0356168785994	73.6965029859	0.944395969039
CMTSOLUTION_201306020543A	1.01851756571	0.0397962901197	1278.91794573	0.987928705406
CMTSOLUTION_201306050447A	0.69247235125	0.0955426227356	313.494366272	0.991010088146
CMTSOLUTION_201306061153A	1.02771652221	0.140292358297	48.4140631161	0.73535169854
CMTSOLUTION_201306131647A	1.19688347683	0.196275206663	591.279034953	0.929405260708
CMTSOLUTION_201306151611A	0.72420283765	0.023298428149	2941.8321439	-0.976568934916
CMTSOLUTION_201306151734A	0.872070464947	0.0107848268698	96.1220210403	0.945101961208
CMTSOLUTION_201306162139A	0.982212021741	0.0183101892481	1842.87287736	0.845423678893
CMTSOLUTION_201306242204A	0.765656877902	0.0294334666791	3268.4153089	0.951978379591
CMTSOLUTION_201307020737A	NOT FOUND	NOT FOUND	452.520345748	0.494937370529
CMTSOLUTION_201307041716A	0.772699211992	0.0135035636277	169.4751523	0.846471261306
CMTSOLUTION_201307060505A	1.72057582191	0.104745363617	396.163735908	0.870758015655
CMTSOLUTION_201307071835A	1.14554768232	0.101292563465	744.194895512	0.913546110341
CMTSOLUTION_201307072030A	1.13577720142	0.0673993346426	5.57256079872	0.771754855226
CMTSOLUTION_201307081530A	1.33514339747	0.223678498987	23.4469454015	0.673735542262
CMTSOLUTION_201307151403A	0.68969109674	0.0602775872429	12042.4972996	0.994312517424
CMTSOLUTION_201307170237A	0.747387591169	0.0412700006249	456.868085233	0.966067968341
CMTSOLUTION_201307212345A	0.786240493214	0.0419369411492	1530.60796476	0.90850018349
CMTSOLUTION_201307220701A	0.941549781515	0.0729222922546	1628.2710278	0.981940830308
CMTSOLUTION_201308070906A	0.98064725087	0.0429867689947	274.016886256	0.929320476026
CMTSOLUTION_201308120053A	1.33714063991	0.0788097489097	45.1060749756	0.721255904444
CMTSOLUTION_201308120949A	0.8327255531	0.0191194477035	108.328293831	0.990397485861
CMTSOLUTION_201308131543A	0.726871186106	0.0154840912315	1058.94625683	0.999279774899
CMTSOLUTION_201308171632A	1.03900757989	0.0221843796034	525.486602132	0.940027813954
CMTSOLUTION_201308211238A	0.70254157552	0.0126323922644	574.298851201	0.990789492308
CMTSOLUTION_201308301625B	0.890850575457	0.0192529509502	9662.79977556	0.983505804279
CMTSOLUTION_201308310638A	1.15125028207	0.0369864535104	530.816216717	0.932334269787
CMTSOLUTION_201309011152A	0.861944752116	0.0694972190301	301.197192839	0.967808261924
CMTSOLUTION_201309032019A	1.22569805028	0.218783802076	2063.31415756	0.960341598136
CMTSOLUTION_201309040018A	0.943112889067	0.177117863223	246.6626285	0.60466335305
CMTSOLUTION_201309040023A	1.3033765468	0.0704854747249	209.681555265	0.953600638204
CMTSOLUTION_201309040232A	0.916207451807	0.0424670515326	152.210867259	0.940216032582
CMTSOLUTION_201309040627A	0.891405999634	0.0636767151417	23.7561329595	0.985686857294
CMTSOLUTION_201309050401A	0.632955301066	0.015272093113	1850.34467562	0.978054618706
CMTSOLUTION_201309061133A	1.26196862088	0.181829566853	81.0189767474	0.854831595587
CMTSOLUTION_201309070013A	0.810234853108	0.0611423333079	842.654324708	0.992421089242
CMTSOLUTION_201309111244A	0.979570950103	0.0318710601769	156.805651265	0.826955485969
CMTSOLUTION_201309151621A	0.930714732048	0.0713113494811	550.108324133	0.956237341427
CMTSOLUTION_201309161501A	0.766512384194	0.0552158251159	103.03532298	0.770161333372
CMTSOLUTION_201309170409A	0.784301424557	0.124918946144	49.4466870049	0.91002985664
CMTSOLUTION_201309210139A	0.958974517212	0.207965554419	17.8102290307	0.806526459776
CMTSOLUTION_201309241129A	1.53197643236	0.0893846252519	130378.789295	0.92299530524
CMTSOLUTION_201309251642A	0.879980992674	0.0683428178083	4982.35472248	0.971190197512
CMTSOLUTION_201309260118A	1.05986612027	0.0446833820531	128.978758913	0.988089921
CMTSOLUTION_201309280734A	1.75092065033	0.0518875460789	9471.02799312	0.871180477337
CMTSOLUTION_201309300816A	0.858704572575	0.032692307026	9.33452156394	0.980699987155
CMTSOLUTION_201310010338A	2.93442011844	0.466901006495	853.266965456	0.79290083063
CMTSOLUTION_201310011941A	0.824609230289	0.0249679385019	541.047551401	0.976690041576
CMTSOLUTION_201310041726A	0.742385142726	0.0326081774481	661.732860133	0.95278115582
CMTSOLUTION_201310060137A	0.84889512778	0.0707955248902	203.82501385	0.982472582917
CMTSOLUTION_201310061638A	0.887186584087	0.0416148142472	71.7614003915	0.974203952273
CMTSOLUTION_201310062133A	0.744995668713	0.0713507219862	92.8004636705	0.976316610332
CMTSOLUTION_201310120210A	1.10691945837	0.0170755260716	117.072608067	0.969140484558
CMTSOLUTION_201310121311A	1.25942685833	0.0492962660178	8478.31593946	0.879650451316
CMTSOLUTION_201310150012A	0.953371749073	0.107058000928	3344.02576212	0.925495124265
CMTSOLUTION_201310161031A	0.701210475801	0.0306990366278	1595.5141813	0.92899513679
CMTSOLUTION_201310191754A	0.800816613615	0.103353546382	4567.48375327	0.784719042931
CMTSOLUTION_201310241925A	1.19290576848	0.129387584495	35.1364538342	0.934736573961
CMTSOLUTION_201310251710A	1.07329763579	0.0273899306233	14521.0607371	0.93005799807
CMTSOLUTION_201310300251A	1.03510331881	0.0185760586971	1823.07375596	0.984032938736
CMTSOLUTION_201310311202A	1.37187166078	0.254849452339	523.716590326	0.972492929445
CMTSOLUTION_201310312303A	0.779419650245	0.0727383269794	577.876953795	0.996130270209
CMTSOLUTION_201311031103A	1.03031112601	0.147604969918	38.4706947513	0.840404146785
CMTSOLUTION_201311120703A	1.00158470239	0.0496206052276	429.938909348	0.968795608226
CMTSOLUTION_201311132345A	0.849129842627	0.0808544063031	88.0939524024	0.960686733669
CMTSOLUTION_201311160334A	0.948633932776	0.0873686757465	790.878377018	0.97914105223
CMTSOLUTION_201311170904A	0.733166134479	0.0487555147033	22701.4916834	0.959542216289
CMTSOLUTION_201311191332A	1.02005978778	0.145370232984	218.617651175	0.862316442653
CMTSOLUTION_201311220651A	1.00612796757	0.0602011612619	330.347681693	0.962284512902
CMTSOLUTION_201311221830A	1.05285050692	0.0794632430599	156.905514586	0.970295404959
CMTSOLUTION_201311241805A	0.928141477229	0.0697667421224	174.280762557	0.904378511317
CMTSOLUTION_201311250627B	0.878878201132	0.0778520912656	2996.61292923	0.968114444142
CMTSOLUTION_201312010124A	1.15854467681	0.113263419572	477.48131388	0.960306492247
CMTSOLUTION_201312010629A	2.06512661416	0.0295917995642	110.236237975	0.887538711325
CMTSOLUTION_201312172338A	1.37580763671	0.0909706653271	182.546388323	0.883932050814
CMTSOLUTION_201312281521A	0.813857584826	0.0584387242595	707.670718686	0.970435059684
CMTSOLUTION_201401130401A	0.800841861644	0.0227562952057	1019.20552536	0.974463718752
CMTSOLUTION_201401250514A	1.26100671957	0.167409906968	45.664493034	0.961395864298
CMTSOLUTION_201401261355A	1.62939776085	0.0239477607931	1029.11377188	0.625274490447
CMTSOLUTION_201401261845A	1.58440242734	0.0227908315636	51.9728249511	0.770261591478
CMTSOLUTION_201401282222A	0.853967621285	0.00884678224749	94.3514300903	0.991342166132
CMTSOLUTION_201402010358A	0.860248187299	0.0277196584529	22.7754622191	0.948572605375
CMTSOLUTION_201402030308A	NOT FOUND	NOT FOUND	2934.66975921	0.590248459839
CMTSOLUTION_201402101206A	0.888533446758	0.197194623187	15.9532207032	0.850398856182
CMTSOLUTION_201402120919A	0.889716294013	0.173437854285	6372.92466808	0.827165231467
CMTSOLUTION_201402180927A	0.717185439417	0.0258325443531	619.075422357	0.979670355477
CMTSOLUTION_201402262113B	0.526499971977	0.00702471577094	57.573473121	0.771562177996
CMTSOLUTION_201403020937A	0.928141393549	0.0189213339175	559.555073231	0.981142304111
CMTSOLUTION_201403022011A	1.00533451959	0.204700629365	438.475041414	0.859447174406
