event	E	sd	signal/noise	char_func_max
CMTSOLUTION_200801011855A	0.842139913278	0.0114324811335	29.6432498413	0.958586636097
CMTSOLUTION_200801040729A	1.04350623964	0.207640863373	16.7508158615	0.831593395307
CMTSOLUTION_200801051101A	0.845560611111	0.070818409145	408.430484238	0.860117490839
CMTSOLUTION_200801051144A	0.83865478145	0.0680984290633	149.519638293	0.762813547776
CMTSOLUTION_200801060514A	NOT FOUND	NOT FOUND	106.744708662	0.554061166592
CMTSOLUTION_200801090826A	0.948300946174	0.00719546109811	349.854059159	0.917759047753
CMTSOLUTION_200801091440A	0.747580119616	0.0849367839953	456.10631911	0.947201860001
CMTSOLUTION_200801100137A	0.929440640795	0.0536428213599	208.631836766	0.947309789681
CMTSOLUTION_200801202026A	0.994295921225	0.0189691252925	32.3749612124	0.934972089039
CMTSOLUTION_200801221714A	1.38441553694	0.049812815872	131.407087806	0.884138868423
CMTSOLUTION_200801300732A	0.852573188678	0.0558900741205	21.7524360431	0.857391521907
CMTSOLUTION_200802041701A	0.78569113967	0.00620476446152	136.914284085	0.892294205802
CMTSOLUTION_200802080938A	0.727573092519	0.0286691213464	3337.05514522	0.907675774455
CMTSOLUTION_200802091833A	0.579322020002	0.023070087338	10.9876044918	0.69932883377
CMTSOLUTION_200802101222A	0.629003290019	0.0343429072243	110.286610085	0.760771862434
CMTSOLUTION_200802121250A	NOT FOUND	NOT FOUND	183.172376224	0.516036972863
CMTSOLUTION_200802131958A	0.551313421297	0.0243851109007	26.9149739818	-0.886472263854
CMTSOLUTION_200802141009A	0.870071416578	0.0970887101984	1321.23116693	0.964960316451
CMTSOLUTION_200802141208A	0.79344717892	0.0738974147037	93.0198589882	0.796449602864
CMTSOLUTION_200802161445A	NOT FOUND	NOT FOUND	22.9610547572	0.341944787593
CMTSOLUTION_200802200808A	1.16854914426	0.0701923907462	4188.10924513	0.822119183217
CMTSOLUTION_200802201827A	0.691913560291	0.124445787285	5457.03985023	0.894279440105
CMTSOLUTION_200802210246A	0.878063910956	0.12263035581	727.90526676	0.948968534221
CMTSOLUTION_200802211416A	0.893977169776	0.0865071706441	164.571304772	0.960058364965
CMTSOLUTION_200802231557A	1.0133708727	0.0597584107774	182.662155871	0.959311757534
CMTSOLUTION_200802241446A	1.29506138889	0.330275558268	51.0880321196	0.837725298854
CMTSOLUTION_200802250836A	2.29819267061	0.0974417733736	995.9974933	0.85713226962
CMTSOLUTION_200802251806A	1.00032094826	0.246507344673	134.49178897	0.862700196143
CMTSOLUTION_200802252102A	1.16506877846	0.162402192251	45.0356046786	0.717408656341
CMTSOLUTION_200802270654A	0.722702583699	0.00944213901798	236.310792508	0.862038033262
CMTSOLUTION_200803030237A	1.2037496353	0.211742715107	82.3124025869	0.876227067063
CMTSOLUTION_200803030931A	0.655071985044	0.0150262948321	675.74646805	0.734465704294
CMTSOLUTION_200803031349A	1.4527780042	0.0265151050348	228.345004796	0.859067836385
CMTSOLUTION_200803031411A	1.45646606761	0.0227502143231	307.926431421	0.922110547499
CMTSOLUTION_200803131328A	0.955011604664	0.109317498442	84.6966904088	0.979047250642
CMTSOLUTION_200803142232A	0.91300175344	0.0838161560729	533.610631019	0.944410311739
CMTSOLUTION_200803151443A	0.666041818809	0.0316315303139	174.402275067	-0.83168447119
CMTSOLUTION_200803201410A	0.915002015997	0.030401202169	37.1415198959	0.934922488493
CMTSOLUTION_200803202233A	NOT FOUND	NOT FOUND	5161.25271327	0.328198568314
CMTSOLUTION_200803222124A	1.49414408832	0.021780006389	38.2171553636	0.864648101276
CMTSOLUTION_200803242039A	NOT FOUND	NOT FOUND	44.4498497237	-0.344958020342
CMTSOLUTION_200803291730A	1.48658115533	0.0662920904897	136.376695444	0.655515208327
CMTSOLUTION_200804140945A	0.780540613979	0.0827548465985	48.7391188949	0.838260154245
CMTSOLUTION_200804150303A	0.820996691337	0.0653246132575	125.332101642	0.883330555561
CMTSOLUTION_200804152259A	1.26094202195	0.0762318503455	1613.34530623	0.849405430139
CMTSOLUTION_200804160554A	0.560077666532	0.0246770941278	1349.04740434	0.764945916438
CMTSOLUTION_200804190312A	1.08104834761	0.332425042801	41.1157167153	0.975519527926
CMTSOLUTION_200804231828A	0.598940006958	0.0665499956374	433.440504395	0.683772708604
CMTSOLUTION_200804241214A	0.567086714591	0.0441436623867	99.3369870393	0.963903171593
CMTSOLUTION_200804281557A	0.76101819163	0.0573889999981	86.2067428322	0.969480219944
CMTSOLUTION_200805020133A	2.35631093353	0.213476985189	2459.256512	0.877547132855
CMTSOLUTION_200805071602A	0.95150603682	0.185587739039	11265.6221635	0.873651210941
CMTSOLUTION_200805071616A	0.943307004006	0.191625484929	12746.6954875	0.829628004469
CMTSOLUTION_200805071645A	0.919885629208	0.16943480691	1754.55483816	0.882425365402
CMTSOLUTION_200805092151A	1.06623242247	0.0317939921253	1119.0153778	0.982989262246
CMTSOLUTION_200805121111A	0.572658618953	0.023025224762	29.5482397566	0.905084081728
CMTSOLUTION_200805191426A	0.830069397069	0.0924017041069	142.765470059	0.95565435011
CMTSOLUTION_200805201353A	0.857049215827	0.0836150342542	358.948360647	0.810504128609
CMTSOLUTION_200805231935A	0.654718804357	0.0129154082599	3930.9931848	0.902724709337
CMTSOLUTION_200805250821A	0.844998704194	0.0377963414458	857.214804025	0.974912371028
CMTSOLUTION_200805291546A	0.856979147892	0.0445122167283	7228.78980978	0.756001023721
CMTSOLUTION_200805310437A	1.40894005441	0.268167154385	455.52668649	0.854015962024
CMTSOLUTION_200806010157A	0.811262390974	0.077133782266	172.982598521	0.894379724616
CMTSOLUTION_200806031620A	0.849016084929	0.144342024353	69.661542339	0.731256194597
CMTSOLUTION_200806032204A	0.629786688394	0.057794755389	29.6327442171	0.786984471523
CMTSOLUTION_200806050216A	0.485548232776	0.0269033486217	37.5650155316	0.878426708757
CMTSOLUTION_200806061342A	1.0446200606	0.043595726804	22.7469893733	0.81794845379
CMTSOLUTION_200806081225A	1.23632507205	0.181880639098	3433.4715802	0.835159386997
CMTSOLUTION_200806132343A	0.977553022552	0.123814587931	6716.93970182	0.83439528938
CMTSOLUTION_200806150837A	0.910081722382	0.152560583467	36.5300603468	0.82214154225
CMTSOLUTION_200806222356A	1.44621038989	0.0927921267912	177.956784936	0.744119833461
CMTSOLUTION_200806271140A	1.7179767366	0.478996337444	1111.36110692	0.647819125364
CMTSOLUTION_200806281254A	2.00524525007	0.0198248720777	268.04049998	0.773037329354
CMTSOLUTION_200806292053A	NOT FOUND	NOT FOUND	8.62505526496	0.596623961975
CMTSOLUTION_200806300617A	0.760322232246	0.0166306586065	2127.43917572	0.942926136225
CMTSOLUTION_200807050212A	NOT FOUND	NOT FOUND	4073.25975216	0.268507613456
CMTSOLUTION_200807080742A	0.920415600807	0.0290216612644	951.038430312	0.934753603754
CMTSOLUTION_200807080913A	0.887965626741	0.0374535559065	19.7841742821	-0.978185466943
CMTSOLUTION_200807131458A	0.653683676894	0.0314025452803	1958.61498033	0.823821055161
CMTSOLUTION_200807150326A	1.11363052658	0.0458994822082	2386.54125452	0.875024190218
CMTSOLUTION_200807190239A	1.13784042033	0.0997457230855	8998.19809705	0.859748568806
CMTSOLUTION_200807190927A	1.1709312797	0.146414346643	364.634433906	0.901614406382
CMTSOLUTION_200807191101A	1.16326350097	0.125704461873	12.8499102727	0.927862699748
CMTSOLUTION_200807231526A	0.817168004121	0.0614208083406	1015.43245607	0.958036079322
CMTSOLUTION_200807240143A	0.97019535252	0.0645309389299	311.397858066	0.912253954961
CMTSOLUTION_200807282140A	0.744409453172	0.0771635137819	78.5496487486	0.978071923768
CMTSOLUTION_200808042045A	DiffNPTS	DiffNPTS	DiffDelta	DiffNPTS
CMTSOLUTION_200808050949A	0.773442123582	0.0657358843331	685.841229052	0.934859115066
CMTSOLUTION_200808100820A	1.80219689754	0.177764752293	420.450642056	0.735336105721
CMTSOLUTION_200808112338A	1.47408860249	0.144568606716	400.745280106	0.838556015424
CMTSOLUTION_200808151025A	NOT FOUND	NOT FOUND	202.834306101	0.468300214196
CMTSOLUTION_200808211224A	NOT FOUND	NOT FOUND	343.887722412	0.588593664978
CMTSOLUTION_200808220747A	1.45099949348	0.114285517556	79.2215234246	0.886026778499
CMTSOLUTION_200808251322A	0.878187842861	0.1331447573	2287.41801617	0.98530346215
CMTSOLUTION_200808262100A	NOT FOUND	NOT FOUND	130.129390823	0.389386064955
CMTSOLUTION_200808270135A	0.712662187851	0.00559135704051	6852.10653555	0.961465927834
CMTSOLUTION_200808281522A	1.20224372375	0.0269779551715	453.052061685	0.964710580531
CMTSOLUTION_200808300654A	2.01421257984	0.0361064639278	137.383486152	0.951378319314
CMTSOLUTION_200809031125A	1.00203501288	0.102646645079	40.8850737477	-0.660024259022
CMTSOLUTION_200809101100A	NOT FOUND	NOT FOUND	2036.57355773	-0.386012035604
CMTSOLUTION_200809101308A	0.720772752312	0.0309755470724	227.531886295	0.917669359323
CMTSOLUTION_200809110000A	0.550027559894	0.0359024390938	4813.1584878	0.760835830457
CMTSOLUTION_200809110020A	1.01879380356	0.0043238783311	6626.91943622	0.778457288328
CMTSOLUTION_200809180141A	0.860802443646	0.0222914368864	66.2827376416	0.965177459569
CMTSOLUTION_200809240233A	0.638686569771	0.00517394305711	663.508778296	0.945442911316
CMTSOLUTION_200809250147A	1.10033488685	0.113194608718	179.325491957	0.911853032617
CMTSOLUTION_200810051552A	1.06224545693	0.0298744572096	4374.74837786	0.990453574126
CMTSOLUTION_200810060830A	1.12401186228	0.0106259677695	561.337036515	0.687638247378
CMTSOLUTION_200810110906A	0.903961423771	0.00334106269007	384.647743507	0.987944713813
CMTSOLUTION_200810111040A	0.704096619363	0.0223387689598	8.53355933586	0.993254264978
CMTSOLUTION_200810122055A	0.871893516563	0.034210709103	25.1268724024	0.760302695898
CMTSOLUTION_200810140206A	1.09193361014	0.0199970037805	130.715099739	0.721913527105
CMTSOLUTION_200810161941A	0.727651373282	0.0566249787249	946.713202515	0.886211330069
CMTSOLUTION_200810231004A	1.18429204628	0.0778456377865	72.0721724669	0.877381754291
CMTSOLUTION_200810281600A	1.32595325758	0.1491747714	18.2413562299	0.723182570621
CMTSOLUTION_200810282309A	2.5661543211	0.246975962467	375.974503723	0.942809126138
CMTSOLUTION_200810291132A	1.20570104261	0.0560928007097	862.676610038	0.737799223075
CMTSOLUTION_200810301515A	0.679661103826	0.0397782654042	57.9053881592	0.977694793743
CMTSOLUTION_200811010113A	0.923904396609	0.103698618662	9.4814421449	0.923298283172
CMTSOLUTION_200811021348A	NOT FOUND	NOT FOUND	157.639121515	0.561496683551
CMTSOLUTION_200811071604A	1.07532959594	0.22799677176	34.166208138	0.794934311031
CMTSOLUTION_200811100122A	0.718300713302	0.00653613348936	940.419666572	0.923662439255
CMTSOLUTION_200811161702A	0.613804291147	0.00720237657844	1129.71591837	0.881277224064
CMTSOLUTION_200811190611A	0.658467374627	0.10131717692	42.3689421382	0.902612736621
CMTSOLUTION_200811210705A	1.22034971099	0.0238058099024	7.66727858839	0.839769466651
CMTSOLUTION_200811221600A	0.881955403215	0.0538634583975	131.943709139	0.986278183516
CMTSOLUTION_200811221849A	0.86571531791	0.123303870105	28.598243173	0.928622831752
CMTSOLUTION_200811240902A	NOT FOUND	NOT FOUND	488.272465942	0.293292262761
CMTSOLUTION_200812061055A	1.22802904802	0.0631641147412	45.3728037812	0.729790127921
CMTSOLUTION_200812081839A	0.731860904764	0.0354331810601	55.8724193767	0.734418088274
CMTSOLUTION_200812130827A	0.717831358622	0.0423579431742	47.9625121605	0.955250977992
CMTSOLUTION_200812172157A	NOT FOUND	NOT FOUND	11.6355061875	-0.372830966208
CMTSOLUTION_200812182119A	0.812767874883	0.0371616869911	59.1268258131	0.988755636234
CMTSOLUTION_200812190831A	0.80214395022	0.0870474253158	170.379652922	0.867396702181
CMTSOLUTION_200812201029A	1.32292977346	0.252978884094	369.794098255	0.912899248975
CMTSOLUTION_200812250320A	0.498337629434	0.0669222659354	20.6263189702	0.918815931986
CMTSOLUTION_200812282259A	0.730171804224	0.115674452163	65.2323574505	0.900890585675
CMTSOLUTION_200901031943A	1.14890350334	0.114406880544	1038.82516434	0.980174745348
CMTSOLUTION_200901032233A	0.471812098741	0.0287388528795	9.22211177243	0.974991578028
CMTSOLUTION_200901062248A	0.985487624356	0.0662069145251	61.9563635098	0.684217651771
CMTSOLUTION_200901081921A	0.635477372823	0.112040947937	185.352532863	0.965474462662
CMTSOLUTION_200901130104A	1.13351213454	0.0523380416531	10.8722420059	0.879105642427
CMTSOLUTION_200901151749A	0.996784396472	0.0539221677054	2381.99823892	0.856655259085
CMTSOLUTION_200901221340A	NOT FOUND	NOT FOUND	10.4639268574	0.45670236518
CMTSOLUTION_200901222016A	NOT FOUND	NOT FOUND	9.08346752026	-0.468346455785
CMTSOLUTION_200902111734A	0.921862062174	0.0712416396806	1648.3419058	0.898344211724
CMTSOLUTION_200902111825A	0.919201744698	0.0705939698139	43.3474880514	0.882906283775
CMTSOLUTION_200902120349A	0.773854474132	0.0383304714919	48.1690720893	0.822834329048
CMTSOLUTION_200902120830A	1.0540603742	0.0874737189244	43.55637484	0.774850404438
CMTSOLUTION_200902121315A	0.561298653854	0.0708799490126	115.891112472	0.682808267509
CMTSOLUTION_200902151004A	0.631100588631	0.0188560402764	118.639639153	0.965806027851
CMTSOLUTION_200902162316A	0.771874159283	0.0163781457322	567.566840412	0.768355325131
CMTSOLUTION_200902170528A	1.42669040106	0.0618103932268	43.8319871252	0.913841590524
CMTSOLUTION_200902221745A	1.21038754099	0.0511830399132	30.6472280306	0.971231987864
CMTSOLUTION_200902281433A	0.935575221772	0.105579086245	150.258797971	0.945944475778
CMTSOLUTION_200903061050A	0.826280926962	0.0988813592411	1359.2165006	0.962276995343
CMTSOLUTION_200903122323A	0.698236508669	0.0761628214112	54.7521521321	0.831394446669
CMTSOLUTION_200903161415A	0.715158195453	0.109261075505	88.5419921169	0.739232918034
CMTSOLUTION_200904010355A	0.775196309468	0.028890366568	237.25707855	0.882296612129
CMTSOLUTION_200904040531A	0.502061367962	0.0434642148313	120.420987956	0.795081814085
CMTSOLUTION_200904070423A	1.05961855373	0.0334491873534	2872.48123011	0.936393591277
CMTSOLUTION_200904152001A	0.610397493893	0.0462957247319	102.91201874	0.880259434552
CMTSOLUTION_200904161457A	0.846510009021	0.0732257305169	1219.8148269	0.925577968509
CMTSOLUTION_200904170208A	0.588883779659	0.0117038590429	151.94848197	0.921325898165
CMTSOLUTION_200904181917A	1.10210806695	0.0948716962738	653.367231493	0.901402057665
CMTSOLUTION_200904190523A	1.05953092449	0.0456262058797	17.966320318	0.893744902265
CMTSOLUTION_200904210526A	NOT FOUND	NOT FOUND	58.6659794458	0.557944128759
CMTSOLUTION_200904251718A	1.15826084529	0.0772639395195	34.3179301383	0.849724501182
CMTSOLUTION_200904281954A	0.653798140613	0.0689592006457	120.967328581	0.97209414212
CMTSOLUTION_200905031621A	0.605365730154	0.0193636953854	36.3193562632	0.955824975014
CMTSOLUTION_200905100116A	0.985824942204	0.0493322128606	44.1682227797	0.887589145336
CMTSOLUTION_200905120126A	NOT FOUND	NOT FOUND	56.1961810809	0.328105222562
CMTSOLUTION_200905191735A	NOT FOUND	NOT FOUND	158.032435152	0.57388636311
CMTSOLUTION_200905241617A	0.810314122245	0.0562716750711	161.479868742	0.813841992611
CMTSOLUTION_200905280824A	0.665469236686	0.0488239866542	6946.22037952	0.939208258077
CMTSOLUTION_200906041725A	0.837286029858	0.0630119311429	375.1665265	0.978512561875
CMTSOLUTION_200906050330A	1.08046428151	0.0524626191958	1536.0915984	0.890981684703
CMTSOLUTION_200906062033A	0.946811420558	0.0617363249983	449.136027671	0.797740969536
CMTSOLUTION_200906140558A	0.78792995175	0.0692092558346	73.3528722925	0.800739340747
CMTSOLUTION_200906162005A	0.753858850499	0.0282333523643	336.153597794	0.93299108449
CMTSOLUTION_200906191405A	1.00409931226	0.183015022412	384.907436128	0.907271101891
CMTSOLUTION_200906200828A	0.832566324183	0.0324224053278	66.2557963049	0.652191609709
CMTSOLUTION_200906231419A	1.68607753842	0.03583509004	186.434970639	-0.663990137684
CMTSOLUTION_200907010930A	0.998198877531	0.0658513754639	6023.65067778	0.860056971072
CMTSOLUTION_200907040649A	0.750272546161	0.0128046246725	82.674922222	0.920793144153
CMTSOLUTION_200907061453A	1.19063647343	0.0984317557898	106.139940093	0.977743012555
CMTSOLUTION_200907071911A	0.850833104807	0.00817981097083	1693.44648517	0.830247453421
CMTSOLUTION_200907081923A	NOT FOUND	NOT FOUND	43.1321108314	0.570198121891
CMTSOLUTION_200907120612A	0.827435950619	0.0933420634962	80.6917196515	0.917272292216
CMTSOLUTION_200907131805A	0.732394871186	0.00767960229043	6143.39238814	0.912199293147
CMTSOLUTION_200907300737A	1.53141715505	0.302775776091	33.4490427729	0.835855560376
CMTSOLUTION_200908020854A	0.697217196356	0.0324764374716	172.633818138	0.983655880679
CMTSOLUTION_200908031800A	0.966953378089	0.0318488115117	10407.5664128	0.988997234929
CMTSOLUTION_200908031840A	0.971036629364	0.0358876472507	1380.1862998	0.936134906326
CMTSOLUTION_200908050018A	0.83926678662	0.103362190296	1800.47918028	0.924263910678
CMTSOLUTION_200908091055A	0.851118442889	0.0616004721783	1430.08633718	0.861285624028
CMTSOLUTION_200908100406A	0.871319076995	0.0667935583338	199.764585963	0.924992613774
CMTSOLUTION_200908101955A	0.689165767344	0.0228799385924	5173.60892652	0.938004117819
CMTSOLUTION_200908122248A	0.987031390347	0.0349526220424	798.543384424	0.861443593699
CMTSOLUTION_200908160738A	DiffNPTS	DiffNPTS	DiffDelta	DiffNPTS
CMTSOLUTION_200908170005A	1.11104252261	0.02613810921	4017.22749246	-0.89769014651
CMTSOLUTION_200908171011A	0.790118994767	0.0794741098076	2521.72481592	0.850387312945
CMTSOLUTION_200908200635A	0.78851302733	0.00577855031216	1851.89999557	0.975803906822
CMTSOLUTION_200908280151A	0.592211663567	0.0439630882699	812.242865264	0.932200773029
CMTSOLUTION_200908280152A	0.700429917331	0.0507682365804	848.91663734	0.887404359326
CMTSOLUTION_200909020755A	2.9840061577	0.189019196531	900.326758127	0.879543253173
CMTSOLUTION_200909031326A	0.512762919183	0.144436768754	155.926073565	0.823117117999
CMTSOLUTION_200909062149A	0.917362619529	0.0862119948584	627.287206886	0.911618576325
CMTSOLUTION_200909071612A	1.12193163858	0.0566017443629	89.0516595759	0.691877687826
CMTSOLUTION_200909072241A	1.10048708281	0.100767690057	1109.74372275	0.975004293664
CMTSOLUTION_200909122006A	0.67221160053	0.0798286825706	336.82988282	0.97719102795
CMTSOLUTION_200909172321A	0.707219428706	0.0479694541522	232.038241476	0.906828245162
CMTSOLUTION_200909210853A	0.657678114456	0.0152447235968	137.646445005	0.856333718154
CMTSOLUTION_200909240716A	0.863312835973	0.0195353290147	330.568253617	0.871661381612
CMTSOLUTION_200909301016A	NOT FOUND	NOT FOUND	2898.38022492	0.275183026619
CMTSOLUTION_200910010152A	0.488470057501	0.0555357613835	1056.07537704	0.984730354469
CMTSOLUTION_200910041058A	NOT FOUND	NOT FOUND	111.185871863	-0.251085381341
CMTSOLUTION_200911280604A	0.559534668552	0.0961584670874	42.7363706036	0.622114908315
CMTSOLUTION_200911281810A	0.747291722819	0.0424826886101	38.7780540024	0.789287735135
CMTSOLUTION_200912091600A	1.02108962699	0.099382902041	132.44823207	0.7407402955
CMTSOLUTION_200912100230A	2.08715312128	0.30308013419	12.8456436993	0.771495874992
CMTSOLUTION_200912170137A	0.595570806513	0.0856246201428	377.594089968	0.791813246216
CMTSOLUTION_200912171455A	0.936056790096	0.12564498541	52.4589833344	0.985508532491
CMTSOLUTION_200912191302A	0.624597614135	0.0533325275528	596.423338448	0.907889107054
CMTSOLUTION_200912192319A	0.876573946297	0.234018626183	118.705430397	0.760712696503
CMTSOLUTION_200912240023A	1.11653875464	0.138272086605	58.9108826545	0.862578703209
CMTSOLUTION_200912260857A	0.712082004208	0.0475024139	13.8907347856	0.769023386785
CMTSOLUTION_201001020845A	0.92197359384	0.0771225819636	64.9908584057	0.946352991715
CMTSOLUTION_201001032148A	0.696142940906	0.0620700820535	494.237624002	0.741353319842
CMTSOLUTION_201001032236A	0.712806641636	0.08390680491	323.01506206	0.632494279198
CMTSOLUTION_201001050455A	0.727968845386	0.0478776818459	154.603704313	0.910495656464
CMTSOLUTION_201001051215A	0.868213139211	0.0220017709745	167.480653555	0.981398242711
CMTSOLUTION_201001051311A	0.880978602427	0.0208692185643	33.5873798833	0.971730387321
CMTSOLUTION_201001090551A	NOT FOUND	NOT FOUND	15.8700367333	-0.0656488547041
CMTSOLUTION_201001171200A	0.907997152767	0.209819284953	43.2787502446	0.924521766394
CMTSOLUTION_201001181556A	0.78068549351	0.0784649285018	123.791096081	0.946572788026
CMTSOLUTION_201001220046A	0.999851923889	0.113611485836	76.4581686098	0.961727090178
CMTSOLUTION_201002012228A	0.461375354651	0.109077228166	76.0887204787	-0.880768655766
CMTSOLUTION_201002050659A	1.52108458441	0.10537095359	69.9100549691	0.976743622435
CMTSOLUTION_201002060444A	1.03821342617	0.114870085906	27.3586533555	0.919592094876
CMTSOLUTION_201002070610A	0.855404777386	0.0496604232681	438.907626658	0.954676208593
CMTSOLUTION_201002112156A	0.953490101314	0.167359777783	350.453996762	0.841391733854
CMTSOLUTION_201002152151A	NOT FOUND	NOT FOUND	23.3826768264	0.476365378368
CMTSOLUTION_201002180113A	0.796759848922	0.0145563992207	253.313246977	0.867710805473
CMTSOLUTION_201002231025A	0.733853518924	0.0440562014036	38.3992045604	-0.725711788981
CMTSOLUTION_201002262031A	0.890040866319	0.00651484902274	10069.5224589	0.814081538633
CMTSOLUTION_201002271545A	0.798057912198	0.0396905400715	66.0767401697	0.868545027339
CMTSOLUTION_201002271900A	0.670158101183	0.138086772658	13.4691450395	0.941250803392
CMTSOLUTION_201002281125A	0.694581071589	0.0174312393378	98.3408028102	0.863991370756
CMTSOLUTION_201003031744A	0.777656475852	0.0387224400443	244.033527433	0.942860126658
CMTSOLUTION_201003040018A	0.750689950077	0.012244125731	714.783430182	0.896838427988
CMTSOLUTION_201003040159A	0.747049363983	0.0120558426806	8.74790536507	-0.837980514097
CMTSOLUTION_201003042239A	0.658845391597	0.0560683189572	104.299118365	0.893717704337
CMTSOLUTION_201003050919A	0.706713075276	0.0268302578515	168.768908078	0.82702816296
CMTSOLUTION_201003051147A	0.788001865592	0.112428612274	183.699568514	0.900213414793
CMTSOLUTION_201003051606A	0.603167411735	0.0241388806647	245.428010828	0.950573656854
CMTSOLUTION_201003070705A	0.614828356114	0.0912290441166	28.4745531738	0.886700434443
CMTSOLUTION_201003080232A	1.34683304491	0.0154037290293	554.947471751	0.96863426539
CMTSOLUTION_201003080747A	1.54071985328	0.126214779645	79.6841323656	0.957689295938
CMTSOLUTION_201003080947A	0.738506092791	0.00248242455572	9.5747964742	0.849780897561
CMTSOLUTION_201003081112A	0.836273947586	0.117605758569	7.27316906653	0.658139678021
CMTSOLUTION_201003111439A	1.33649729613	0.0623752392066	1107.22036194	0.87273379445
CMTSOLUTION_201003111455A	1.3361508239	0.0590510547279	1736.50067345	0.800696528442
CMTSOLUTION_201003140057A	NOT FOUND	NOT FOUND	133.189063965	0.510582507458
CMTSOLUTION_201003140808A	0.796220666959	0.128248121814	3111.44388208	0.745050181409
CMTSOLUTION_201003151108A	0.572321653824	0.0174270333523	28.86444441	0.910820106256
CMTSOLUTION_201003160221A	0.628522128562	0.0976647788429	2769.1433912	0.708441027414
CMTSOLUTION_201003201400A	NOT FOUND	NOT FOUND	101.176074498	0.486117533155
CMTSOLUTION_201003241411A	1.5434848708	0.0926612544287	27.0485915033	0.932697154841
CMTSOLUTION_201003250529A	0.960140773656	0.178271492982	74.4536599084	0.849533276844
CMTSOLUTION_201003261452A	0.712871036593	0.0532639498699	106.149043889	0.908367559222
CMTSOLUTION_201003282138A	0.569306684161	0.0716777532386	98.7588559131	0.919823207595
CMTSOLUTION_201003301654A	1.52878606456	0.0557090988792	196.600305628	0.982731898524
CMTSOLUTION_201004022258A	0.866364320983	0.10843991082	86.1086116666	0.775372018124
CMTSOLUTION_201004042240A	0.709750716269	0.0667525485722	2047.2079669	0.867750645035
CMTSOLUTION_201004051005A	0.764050738512	0.0513348740687	56.2337676866	0.928525528877
CMTSOLUTION_201004062215A	1.30689736646	0.103076469942	6626.71801623	0.981337200785
CMTSOLUTION_201004071433A	0.884470569099	0.0879870969441	35.8036302985	0.771234410148
CMTSOLUTION_201004110940A	0.897294589148	0.101569860072	898.192088673	0.973420958015
CMTSOLUTION_201004112208A	4.262816855	0.171805675666	1288.34043744	-0.933054780109
CMTSOLUTION_201004132349A	0.466274278519	0.0193520937329	5892.6764319	0.939436172995
CMTSOLUTION_201004140125A	1.13310971054	0.0564075657718	6.49670030845	0.85167483313
CMTSOLUTION_201004172315A	0.805950472151	0.0919116847414	63.480322211	0.912699248126
CMTSOLUTION_201004231003A	0.632508941431	0.0378720713521	169.703935261	0.900652703587
CMTSOLUTION_201004240741A	0.840591518506	0.143125687015	33.57283616	0.957695284657
CMTSOLUTION_201004260259A	NOT FOUND	NOT FOUND	1298.83864653	0.47113081559
CMTSOLUTION_201004302311A	1.11214549384	0.128579430663	3323.25628533	0.688748301386
CMTSOLUTION_201004302316A	1.13426741614	0.124616817889	3243.32249434	0.682832272588
CMTSOLUTION_201005031027A	0.934552673991	0.160436127269	110.449836876	0.922116767161
CMTSOLUTION_201005032309A	0.957630303832	0.28416331651	526.884054536	0.916860107363
CMTSOLUTION_201005051629A	0.944206832049	0.031388504679	536.585776553	0.966138316461
CMTSOLUTION_201005060242A	0.566975155528	0.0249041978193	179.117065793	0.866417798125
CMTSOLUTION_201005090559A	1.51141680837	0.139855790706	2585.16589413	0.965502610708
CMTSOLUTION_201005141229A	1.15797395881	0.188514510205	676.281974389	0.730093149338
CMTSOLUTION_201005160652A	0.798674165716	0.0210999239363	91.1534624709	0.793806452773
CMTSOLUTION_201005190415A	0.85996555542	0.0214105567156	74.4193070558	-0.669828868332
CMTSOLUTION_201005232246A	1.53527356956	0.0432526352937	10.9747569718	-0.663730812872
CMTSOLUTION_201005241618A	NOT FOUND	NOT FOUND	300.739843378	-0.338101292146
CMTSOLUTION_201005251009A	0.736794806052	0.102160491815	1110.81698053	0.733854445254
CMTSOLUTION_201005260853A	1.05311831632	0.0655651554361	2583.75882235	0.990944161839
CMTSOLUTION_201005311951A	NOT FOUND	NOT FOUND	263.522605342	0.199059747404
CMTSOLUTION_201006010326A	0.732806007984	0.0468471101408	86.4344210658	0.974447455391
CMTSOLUTION_201006121926A	1.34901877189	0.118165354744	6277.02069079	0.829804141841
CMTSOLUTION_201006160306A	1.01499137927	0.0334889383229	954.104882167	0.712033589672
CMTSOLUTION_201006160316A	1.00634472987	0.0281264544374	1305.22201962	0.726560420001
CMTSOLUTION_201006160358A	1.01430700879	0.0381634471649	276.412922018	0.780011112019
CMTSOLUTION_201006180223A	0.724134551835	0.0531984162601	572.252613376	0.966640209704
CMTSOLUTION_201006240532A	0.832521776726	0.0619011792334	11.3843892809	0.829752516035
CMTSOLUTION_201006260530A	0.728177940036	0.067561946303	904.52315398	0.974155268099
CMTSOLUTION_201006300722A	0.833873836247	0.0145056926477	174.725161142	0.90965710642
CMTSOLUTION_201007042155A	NOT FOUND	NOT FOUND	1149.56950305	0.573685580789
CMTSOLUTION_201007101143A	1.02367855853	0.0101598975238	507.07715912	0.921758267035
CMTSOLUTION_201007120011A	0.660176798674	0.0616301698255	220.851629017	0.662501540682
CMTSOLUTION_201007140832A	0.793260341109	0.0772964352033	710.549079951	0.853686683779
CMTSOLUTION_201007161853A	0.911967259844	0.265984269665	134.537122792	0.656786237796
CMTSOLUTION_201007180556A	0.837067955244	0.0814694167463	1977.2536001	0.644979180922
CMTSOLUTION_201007181304A	1.15793080264	0.0560141191636	2998.5773895	0.941127666378
CMTSOLUTION_201007181335A	1.13688880885	0.0545749528438	2534.9487421	0.898997813964
CMTSOLUTION_201007181948A	1.39753721039	0.143884584303	124.118083409	0.743372786926
CMTSOLUTION_201007201918A	1.02039803077	0.00848824390163	67.098369291	0.985533295638
CMTSOLUTION_201007210916A	NOT FOUND	NOT FOUND	54.6557305511	0.500214958402
CMTSOLUTION_201007232208A	1.8556723333	0.0940943261091	1813.30014698	0.769455498641
CMTSOLUTION_201007232251A	1.77973195659	0.0279724152404	117.997412687	0.73278058814
CMTSOLUTION_201007232315A	1.79826274381	0.0300300232832	32.8134983383	0.753942720784
CMTSOLUTION_201007240535A	0.72907156803	0.0292425045404	76.2974788508	0.959763201991
CMTSOLUTION_201007290731A	0.63801399227	0.0443323117328	163.316097256	0.72625086056
CMTSOLUTION_201007300356A	1.01877854847	0.0527002481073	2524.86314943	0.760170844235
CMTSOLUTION_201008031208A	0.791041830159	0.133607972009	128.465417599	0.918817834377
CMTSOLUTION_201008040715A	0.973070767897	0.180196456301	7.63073555958	0.773102751691
CMTSOLUTION_201008041258A	1.00730533305	0.114184723945	196.21511581	0.943348337991
CMTSOLUTION_201008042201A	1.02250537825	0.0355790619227	1233.95145416	0.916581987836
CMTSOLUTION_201008121154A	NOT FOUND	NOT FOUND	893.479067836	0.144420071969
CMTSOLUTION_201008132119A	1.22521925137	0.0291253867901	3880.74208566	0.874595410055
CMTSOLUTION_201008140730A	1.19921399606	0.125682765879	468.004492882	0.953322756144
CMTSOLUTION_201008142301A	0.840190937584	0.0927311623805	631.420127478	0.836371662845
CMTSOLUTION_201008151509A	0.659660714512	0.0918654600589	46.0657229476	0.620704168644
CMTSOLUTION_201008160330A	1.25130620715	0.289650574894	98.7350739751	0.947800358637
CMTSOLUTION_201008181628A	1.06838796263	0.0284127718437	259.560382858	0.89075504136
CMTSOLUTION_201008201756A	1.01549484673	0.13400496219	80.3330701106	0.926025743459
CMTSOLUTION_201008221023A	3.25155086103	0.489614014646	273.103395999	0.83189272784
CMTSOLUTION_201008240212A	1.02120657393	0.0355164325943	187.872553077	0.831101672505
CMTSOLUTION_201009031116A	0.76899212805	0.175339933228	327.958718637	0.981055838885
CMTSOLUTION_201009090728A	0.901486323764	0.0242527588543	486.819021436	0.866453041383
CMTSOLUTION_201009171921A	4.11956500699	0.689781753792	90.7923824679	0.661979892084
CMTSOLUTION_201009261212A	0.63432192614	0.0426687203115	27.978203859	-0.95254976998
CMTSOLUTION_201009270008A	1.13288540066	0.0149068093463	268.634762044	0.8912690387
CMTSOLUTION_201009291711A	1.11978065562	0.0906085749325	367.04942012	0.951052611278
CMTSOLUTION_201010031521A	1.40770323052	0.0652719696395	48.6552969667	0.913326712259
CMTSOLUTION_201010041328A	0.922511906259	0.0564865395862	211.889307876	0.922656722389
CMTSOLUTION_201010080326A	0.939577811469	0.0350770475946	711.823764523	0.823824489414
CMTSOLUTION_201010080349A	0.936634835948	0.0369650079274	764.61679475	0.894805559774
CMTSOLUTION_201010080543A	0.539629905503	0.0288470199032	5.61186917721	0.753272460566
CMTSOLUTION_201010211753A	0.760448407891	0.0562411872649	4031.82576909	0.976220233671
CMTSOLUTION_201010251442A	1.31078658819	0.219822784841	1363.24024851	0.928472617432
CMTSOLUTION_201010251937A	1.05112051828	0.0423587431573	21.6052238359	0.969636831892
CMTSOLUTION_201011030056A	1.31606797495	0.11787613872	237.755484228	0.89773043134
CMTSOLUTION_201011030251A	0.92990572752	0.072745664396	24.8299794461	0.942052892053
CMTSOLUTION_201011031118A	0.600634666855	0.0462549061034	21.9102246265	0.772532801095
CMTSOLUTION_201011031813A	1.67896220866	0.049814427551	7.93405056107	-0.687168143692
CMTSOLUTION_201011100405A	1.33953790144	0.105343747074	188.285186817	0.864803349868
CMTSOLUTION_201011230901A	0.9653746565	0.0550198327434	31.0367401519	0.974999129673
CMTSOLUTION_201011300324A	0.627398124762	0.0208493279467	257.706630841	0.970142295395
CMTSOLUTION_201012020312A	0.559547197921	0.0710617266602	256.749162006	0.960450843229
CMTSOLUTION_201012080524A	0.826646229296	0.0905329926209	464.989329823	0.931040239181
CMTSOLUTION_201012130114A	NOT FOUND	NOT FOUND	38.434193829	0.386800544503
CMTSOLUTION_201012151129A	0.609495751772	0.0182747738371	26.2518048037	0.668112591429
CMTSOLUTION_201012201841A	1.23372816934	0.0398433144714	284.576641097	0.653309406712
CMTSOLUTION_201012211719A	1.07929782531	0.0971966129977	4571.09926791	0.881425098913
CMTSOLUTION_201012222149A	1.02216768206	0.0320242057789	315.699436089	0.865949172506
CMTSOLUTION_201012231400A	0.994476608303	0.0787175070236	312.637898547	0.956368865575
CMTSOLUTION_201101010956A	1.23208369931	0.109285088335	92.7069774308	-0.686569854187
CMTSOLUTION_201101022020A	0.708173469566	0.00645263733426	867.445799554	0.953453129897
CMTSOLUTION_201101122132A	0.949336697932	0.158022225105	58.5101641276	0.912268879678
CMTSOLUTION_201101171920A	0.690361898033	0.0666651949026	29.290094761	0.662346394235
CMTSOLUTION_201101182023A	0.927765061015	0.126965300018	2452.10561236	0.860475049727
CMTSOLUTION_201101190917A	1.07037730375	0.0505328462459	64.454829768	0.870854559523
CMTSOLUTION_201101240245A	0.933826886094	0.0907014888894	29.6684809803	0.892513471981
CMTSOLUTION_201101261542A	1.47959926993	0.327021157548	36.2516983019	0.707907191621
CMTSOLUTION_201101270838A	1.17891994275	0.344886151588	320.350103076	0.689926195835
CMTSOLUTION_201101290655A	1.47275026021	0.0311276058836	1864.45414459	0.814999718981
CMTSOLUTION_201102041353A	1.06922805528	0.198815904036	12.9466609006	0.813456866787
CMTSOLUTION_201102071953A	1.23506364727	0.204982633708	16.5598721433	0.70666399315
CMTSOLUTION_201102101439A	NOT FOUND	NOT FOUND	25.8594180723	0.565842704005
CMTSOLUTION_201102101441A	NOT FOUND	NOT FOUND	25.9685778838	0.497155546229
CMTSOLUTION_201102112005A	0.723282919064	0.0158111817935	708.960240176	0.900875625631
CMTSOLUTION_201102112339A	0.811471057053	0.0815550995824	17.6227423558	0.743494285303
CMTSOLUTION_201102120117A	0.825087398999	0.0702962834658	11.4226527393	0.788473766243
CMTSOLUTION_201102140340A	1.06142863078	0.0399483393988	180.512713235	0.866546864296
CMTSOLUTION_201102151333A	0.771406254271	0.212129317477	51.7973794364	0.663049786039
CMTSOLUTION_201102202143A	NOT FOUND	NOT FOUND	39.2958952125	0.539465300475
CMTSOLUTION_201102251307A	NOT FOUND	NOT FOUND	17.1375359909	0.589154352614
CMTSOLUTION_201103010053A	1.03829680771	0.0434230679034	36.4596246293	0.805289637922
CMTSOLUTION_201103061231A	NOT FOUND	NOT FOUND	114.235706964	0.264998961491
CMTSOLUTION_201103061432A	0.877491296574	0.0538042398844	52.2541368362	0.957256930579
CMTSOLUTION_201103070009A	0.736845068866	0.0380953262569	225.091538728	0.885139864274
CMTSOLUTION_201103090245A	1.16437031975	0.103102660041	4380.15277631	0.801219737316
CMTSOLUTION_201103091816A	0.696355230554	0.0318062992175	144.68861653	0.965423751003
CMTSOLUTION_201103092124A	1.18841595531	0.018903207539	547.426255573	0.859551902622
CMTSOLUTION_201103092124B	1.29093833131	0.0122911777956	593.480296719	0.858562155079
CMTSOLUTION_201103101708A	1.20947740715	0.226163422343	31.7073657827	0.839769751144
CMTSOLUTION_201103110546A	0.783297456702	0.0154093173443	35618.2871048	0.905241952606
CMTSOLUTION_201103110615A	0.749612300179	0.0155438839519	28615.0121922	0.879851605623
CMTSOLUTION_201103110625A	1.1880664614	0.126161394411	296.422467144	0.807978306052
CMTSOLUTION_201103111859A	1.68168533645	0.0395291602766	35.4217084958	0.906620460193
CMTSOLUTION_201103111902A	1.85948626366	0.0158622277178	39.458797321	0.896212735424
CMTSOLUTION_201103111946A	1.70640131921	0.0187809040998	38.3539296394	0.863215847709
CMTSOLUTION_201103112011A	1.73763389131	0.0263574208026	29.8540076436	0.884156165362
CMTSOLUTION_201103120147A	1.06716506375	0.00546850638991	256.994727319	0.898532187967
CMTSOLUTION_201103121315A	0.982636447198	0.0442328117528	35.4666232308	0.755565832645
CMTSOLUTION_201103130126A	1.13422448552	0.0303315412068	92.6798301642	0.939273688683
CMTSOLUTION_201103140612A	0.427367579659	0.0307997793135	746.71098918	0.908348468949
CMTSOLUTION_201103151327A	1.13301711164	0.0516638518776	42.9131607728	0.766946756203
CMTSOLUTION_201103151331A	1.79096508907	0.386038347802	65.1955291527	0.928011349624
CMTSOLUTION_201103151523A	0.891772942789	0.0147680266921	20.1351306945	0.81339841814
CMTSOLUTION_201103170413A	1.0975368151	0.166781035561	31.2098605187	0.966557999752
CMTSOLUTION_201103200826A	0.714539056887	0.0120126698237	67.7258703541	0.925006120718
CMTSOLUTION_201103220718A	1.41597383273	0.0601480606309	455.682104158	0.899302274756
CMTSOLUTION_201103220919A	0.778558258727	0.107646977717	31.6960461623	0.867304442502
CMTSOLUTION_201103220944A	0.805283825385	0.109558552415	92.8740130358	0.852170517649
CMTSOLUTION_201103241355A	0.734492024046	0.00490557265465	2339.91074911	-0.881127459924
CMTSOLUTION_201103251136A	1.04826507261	0.108094412687	121.177980633	0.837191963353
CMTSOLUTION_201103272223A	0.994903493277	0.0206658739202	442.274727768	0.732699478234
CMTSOLUTION_201103291054A	0.918985142807	0.157175602982	1316.74534223	0.7994726643
CMTSOLUTION_201103310715A	1.07194912232	0.0857370043397	105.896062824	0.685098322165
CMTSOLUTION_201104011329A	1.20125501685	0.0231817960197	21.8521035029	0.954897630228
CMTSOLUTION_201104032006A	0.700908019485	0.0253270967353	227.488563363	0.966390471585
CMTSOLUTION_201104071311A	1.23105545078	0.225271200798	1646.25120676	-0.891566369432
CMTSOLUTION_201104071432A	1.17355245084	0.044956939724	55.0431174296	0.891059015723
CMTSOLUTION_201104091257A	0.640915036521	0.0562627506738	233.629176428	0.981606667947
CMTSOLUTION_201104110816A	0.890820353007	0.161702089797	1104.58848447	0.887153996172
CMTSOLUTION_201104112308A	1.07622856061	0.108072612856	540.110178951	0.628496879493
CMTSOLUTION_201104131957A	NOT FOUND	NOT FOUND	283.688046351	0.596606011155
CMTSOLUTION_201104211337A	0.613593326535	0.0444443752493	146.090833982	0.835201402724
CMTSOLUTION_201104230416A	1.05987115571	0.0538497066078	300.433868021	0.733974512502
CMTSOLUTION_201104231012A	0.945509198555	0.0165972529217	205.362017155	0.894953297881
CMTSOLUTION_201104242307A	NOT FOUND	NOT FOUND	323.694824401	-0.502337310827
CMTSOLUTION_201104300819A	0.769806188427	0.0587198468743	58.0521335255	0.790563449832
CMTSOLUTION_201105061620A	0.725583885571	0.0134331413995	33.9176027342	0.979136527942
CMTSOLUTION_201105080650A	1.23009270449	0.0489950460114	172.444818051	-0.878619908102
CMTSOLUTION_201105111647A	1.16474162438	0.0974988000603	555.006488818	0.973239053221
CMTSOLUTION_201105132247A	1.04886578347	0.263568911434	374.332843167	-0.889888865492
CMTSOLUTION_201105132335A	0.965409160489	0.0389345023775	116.417782765	0.812572633909
CMTSOLUTION_201105142107A	NOT FOUND	NOT FOUND	395.826837385	-0.309645034022
CMTSOLUTION_201105151308A	1.18894093151	0.0662433195695	545.745821428	0.862091159501
CMTSOLUTION_201105151837A	0.775418614228	0.00882418931992	91.6277406987	0.906703604947
CMTSOLUTION_201105192015A	1.4187696489	0.121775000387	812.665390457	0.714504109241
CMTSOLUTION_201105280547A	1.01507273423	0.0829021781484	52.0785156703	0.827613296503
CMTSOLUTION_201106011255A	0.486618320946	0.0254841643909	726.849488121	0.862268546515
CMTSOLUTION_201106030005A	1.05022019933	0.0615464778609	1760.98602	0.943583553081
CMTSOLUTION_201106131431A	0.756600510655	0.0573134151	268.183120797	0.830259151616
CMTSOLUTION_201106160003A	0.624189200798	0.0285338345234	803.483088985	0.906961092223
CMTSOLUTION_201106201635A	1.01658196182	0.165680774937	257.552910666	-0.710514900258
CMTSOLUTION_201106210204A	0.537124019629	0.0207125043899	76.1034902309	-0.857725060345
CMTSOLUTION_201106222150A	1.14308799157	0.256305592392	3555.14590638	0.929747613056
CMTSOLUTION_201106230734A	NOT FOUND	NOT FOUND	624.047859858	-0.332552403274
CMTSOLUTION_201106240309A	1.04230194061	0.0686801399264	3309.55241418	0.940977722269
CMTSOLUTION_201106261216A	1.44228468565	0.0303753670844	378.731061437	0.970335286907
CMTSOLUTION_201107100057A	1.10024572349	0.0224050911185	1249.02532597	0.887974963618
CMTSOLUTION_201107112047A	0.670934711172	0.0232471918982	1494.4259176	0.936827107101
CMTSOLUTION_201107151326A	1.01759905735	0.0925633691107	25.2748654386	0.949449539427
CMTSOLUTION_201107160026A	0.657138218502	0.0589531634678	144.055919101	0.92260688594
CMTSOLUTION_201107161959A	1.32660187087	0.0317934808651	16.708226154	0.924973639239
CMTSOLUTION_201107190713A	0.797869394038	0.0215648314437	59.073013375	0.940330874419
CMTSOLUTION_201107191935A	1.03662174399	0.0106788691547	2461.22944322	0.943693784542
CMTSOLUTION_201107202204A	0.671912563494	0.0464111723464	98.9982159458	0.840615085557
CMTSOLUTION_201107230434A	0.906123891527	0.114026639421	559.205430704	0.881254504777
CMTSOLUTION_201107241851A	1.82129554891	0.00826873021212	596.668350725	0.632916039657
CMTSOLUTION_201107250050A	0.693774727939	0.150682792659	377.179184941	0.959781930185
CMTSOLUTION_201107251757A	1.43054028464	0.34972128734	122.216306944	0.844356682773
CMTSOLUTION_201107261744A	0.847500796401	0.010070129749	699.086997936	0.981546054387
CMTSOLUTION_201107301853A	0.808306665413	0.0634791559198	1074.24804578	0.834622417778
CMTSOLUTION_201107312338A	0.824813296003	0.00773303767929	1676.14293367	0.871981542196
CMTSOLUTION_201108041351A	0.785893408248	0.130074702854	223.276274958	0.875459741404
CMTSOLUTION_201108071435A	1.12002395805	0.0560298690643	49.9244924326	0.906932024749
CMTSOLUTION_201108102345A	0.863268022366	0.101582491321	515.637857891	0.935975894853
CMTSOLUTION_201108161103A	1.12180758413	0.0390731105738	53.3126407794	0.989360488538
CMTSOLUTION_201108171144A	0.693431822997	0.0655191056346	1149.82625488	0.909524343755
CMTSOLUTION_201108190536A	1.15769487141	0.0795693869864	109.834290112	0.771871165505
CMTSOLUTION_201108222012A	0.670834099471	0.0637951704718	237.217537631	0.899341913172
CMTSOLUTION_201108241746A	NOT FOUND	NOT FOUND	1365.42982039	0.288854211647
CMTSOLUTION_201108300657A	NOT FOUND	NOT FOUND	425.094736296	0.224180295524
CMTSOLUTION_201108311217A	0.745253222592	0.0993231227673	83.616762186	0.904413804548
CMTSOLUTION_201109021055A	1.10895300472	0.0419664309939	816.101299206	0.923571100023
CMTSOLUTION_201109021347A	1.61995980787	0.0171046374937	12.3281829894	-0.897158853399
CMTSOLUTION_201109030449A	0.798489609267	0.138562607377	149.362878693	0.871286962831
CMTSOLUTION_201109051755A	NOT FOUND	NOT FOUND	211.950663802	0.572751459906
CMTSOLUTION_201109091941A	0.651103311967	0.0229661250909	1524.32934526	0.987876671808
CMTSOLUTION_201109141810A	0.693214376642	0.0607829818998	80.8962376156	0.911583992204
CMTSOLUTION_201109150800A	0.99653620745	0.139910535452	1269.75278359	0.900059620036
CMTSOLUTION_201109161926A	0.80850228617	0.0999749488994	3236.2670271	0.773887307083
CMTSOLUTION_201109162108A	0.909069952267	0.106334723251	9.30516205836	0.845923605372
CMTSOLUTION_201109181240A	NOT FOUND	NOT FOUND	585.813711333	0.400483765534
CMTSOLUTION_201109220322A	0.971211474851	0.0172095362897	159.790940669	0.777304256865
CMTSOLUTION_201110052352A	1.1985196653	0.0711659343499	210.474006101	0.973600787393
CMTSOLUTION_201110060003A	1.15160030654	0.0512017854628	232.585727151	0.95066533887
CMTSOLUTION_201110060039A	1.11163611697	0.041693877197	27.2106601886	0.853238107355
CMTSOLUTION_201110130316A	0.811835919102	0.099649818225	33.1970174908	-0.96788404606
CMTSOLUTION_201110140335A	0.765243906987	0.0952519930403	181.126060992	0.785270092396
CMTSOLUTION_201110140610A	0.571163729174	0.066499335315	31.8793815517	0.796887398947
CMTSOLUTION_201110180505A	1.04253936885	0.0417245034581	33.105235772	0.774550161533
CMTSOLUTION_201110210802A	0.958626863324	0.048984724666	72.8586915987	0.851536184349
CMTSOLUTION_201110231041A	0.825094359375	0.0642852336344	49888.580768	0.868732652223
CMTSOLUTION_201110231810A	2.54054625461	0.372580130047	539.255524407	-0.796301791408
CMTSOLUTION_201110232045A	0.70831142408	0.0336251587427	436.449374553	0.825276310564
CMTSOLUTION_201110251455A	0.880127813701	0.0739504823286	217.723765357	0.961473803508
CMTSOLUTION_201110270804A	0.902747566887	0.0932696091221	29.4084659139	0.993697269864
CMTSOLUTION_201110281854A	0.910060954522	0.0672678430084	1206.50777915	0.925116845146
CMTSOLUTION_201110292224A	0.823344170057	0.0415074543028	13.9095108599	0.937053202418
CMTSOLUTION_201111011232A	1.17196350546	0.0327985271311	110.901050425	0.856049048246
CMTSOLUTION_201111072235A	NOT FOUND	NOT FOUND	16.3837978857	0.522310918485
CMTSOLUTION_201111080259A	0.66790805001	0.0366591289183	536.543929275	0.888076382851
CMTSOLUTION_201111082205A	0.866877953646	0.0701115883468	47.556549049	0.60618360277
CMTSOLUTION_201111091923A	1.51011770023	0.185215075106	229.952489979	0.769575335435
CMTSOLUTION_201111140405A	0.879002439051	0.2550243516	71.5486123331	0.723360037802
CMTSOLUTION_201111142208A	0.913525503971	0.0580115958639	23.1979146227	0.617192021529
CMTSOLUTION_201111170157A	0.925435718771	0.155989591106	52.6519256969	0.816239001832
CMTSOLUTION_201111180600A	1.19069157896	0.102824272691	35.5246270649	0.907199083028
CMTSOLUTION_201111221848A	NOT FOUND	NOT FOUND	73.0178850375	0.20394412165
CMTSOLUTION_201111231217A	NOT FOUND	NOT FOUND	87.3909727636	0.501750651686
CMTSOLUTION_201111231924A	1.02889864317	0.0687938526401	91.6778962498	0.634145415376
CMTSOLUTION_201111241025A	0.985874567716	0.143778975077	69.9488975777	0.890665237906
CMTSOLUTION_201111281226A	1.01188184282	0.178767128564	23.6183019921	0.832804682213
CMTSOLUTION_201111300027A	1.15442918242	0.0359983853005	65.7041335021	0.955569136628
CMTSOLUTION_201111300047A	0.811662814703	0.0635827458737	61.4264666539	0.748918548063
CMTSOLUTION_201112012135A	0.890572789379	0.0831383962097	9.50832323231	0.975361132874
CMTSOLUTION_201112072223A	0.716387710131	0.039843129394	123.778994288	0.949641264864
CMTSOLUTION_201112110147A	NOT FOUND	NOT FOUND	168.445792578	0.230712274021
CMTSOLUTION_201112110954A	0.961114942634	0.0977226103496	64.93441222	0.981566591347
CMTSOLUTION_201112130752A	1.96748782375	0.43592575511	6.76616321703	0.829711758809
CMTSOLUTION_201112140504A	0.756715775712	0.0255618158075	66.2607920077	0.849099338145
CMTSOLUTION_201112271521A	0.78325095603	0.0651328800083	1115.70992968	0.87842762597
CMTSOLUTION_201201010527A	0.72935690227	0.0271361109559	591.391722971	0.8369451738
CMTSOLUTION_201201101837A	NOT FOUND	NOT FOUND	373.322398897	0.319967786391
CMTSOLUTION_201201151340A	0.718860430566	0.0443260090459	115.396859787	0.986847355341
CMTSOLUTION_201201151421A	0.730428589846	0.0505683314704	100.839985066	0.974140815769
CMTSOLUTION_201201211847A	0.772460642025	0.0526076937489	53.6376044357	0.7635792423
CMTSOLUTION_201201231604A	0.843635728967	0.0455535256117	213.782746831	0.969522593846
CMTSOLUTION_201201260424A	1.01991502792	0.0880936952708	61.3155967887	0.792362394834
CMTSOLUTION_201201270133A	0.948691729663	0.0431707820732	77.9308893219	0.649999424498
CMTSOLUTION_201201300511A	0.644425578394	0.029314720811	133.55288965	0.872399343682
CMTSOLUTION_201202061010A	0.973622393947	0.0857758828413	6.6958458146	0.935197412714
CMTSOLUTION_201202140134A	0.768470891052	0.0190838239749	68.2745859726	0.781053217245
CMTSOLUTION_201202140819A	0.674503281501	0.0648885888884	7.26322845818	-0.900850446247
CMTSOLUTION_201202260617A	0.780402865207	0.038457961381	2389.82123581	0.721921554835
CMTSOLUTION_201203040331A	0.866977826982	0.108826642915	45.1708532726	0.780797045784
CMTSOLUTION_201203050746A	1.80359772451	0.0219915757128	12.4909958884	-0.936967786882
CMTSOLUTION_201203140908A	1.33757668449	0.0592959059116	1685.03102285	0.91511071974
CMTSOLUTION_201203141049A	1.327609909	0.0586888541537	5.95073087239	0.769282313294
CMTSOLUTION_201203141205A	1.02444505471	0.0498805864625	4.95987645304	0.649802351888
CMTSOLUTION_201203142113A	0.693732615978	0.0206661087818	27.8396738408	0.919788814619
CMTSOLUTION_201203201756A	0.748877175898	0.103377982163	10229.209139	-0.852274060204
CMTSOLUTION_201203201802A	0.717529641408	0.0777750163486	10569.811752	0.946427122652
CMTSOLUTION_201203252237A	0.62626399198	0.0529012374973	1905.07254502	0.772456843588
CMTSOLUTION_201203261035A	0.962989529346	0.0553174780473	33.0054582236	0.934813472273
CMTSOLUTION_201203261812A	0.743311227428	0.0643053265796	67.3183380494	0.976032296857
CMTSOLUTION_201203271100A	1.0448452481	0.0649056627158	244.693677834	0.789233447848
CMTSOLUTION_201204021736A	0.808157173726	0.0145103606397	264.756223596	0.895713937589
CMTSOLUTION_201204061615A	NOT FOUND	NOT FOUND	26.9580994024	-0.534058007928
CMTSOLUTION_201204112241A	0.782322951209	0.0103842239949	2499.87507551	0.92346054853
CMTSOLUTION_201204112255A	0.852928460982	0.045903755985	2286.37932986	0.934150845066
CMTSOLUTION_201204120706A	0.999181669732	0.0855557364683	8019.37245861	0.903388484076
CMTSOLUTION_201204120715A	0.988673231921	0.0877706956189	8339.1450685	0.895341327388
CMTSOLUTION_201204141056A	0.600424554684	0.064967513871	100.652126482	0.954957813334
CMTSOLUTION_201204150557A	0.897963019885	0.142841337145	146.258558326	0.976160837577
CMTSOLUTION_201204161123A	0.994363653757	0.122018161095	132.693829278	0.859741790371
CMTSOLUTION_201204170350A	0.69284425933	0.111209000736	1220.96679506	0.691470395331
CMTSOLUTION_201204170713A	0.950223724672	0.0312200028979	38.7910682449	0.726413269292
CMTSOLUTION_201204171903A	0.858240571647	0.0640601965157	56.3561020871	0.918154628971
CMTSOLUTION_201204200121A	1.08442588613	0.0463347697104	37.0187368092	0.841717006014
CMTSOLUTION_201204210116A	0.919344978791	0.173109950211	265.256826172	0.74183008983
CMTSOLUTION_201204210125A	0.870238009706	0.162003586211	318.521139284	0.676361536063
CMTSOLUTION_201205012243A	0.961227040309	0.133083973391	351.745930317	0.803438483413
CMTSOLUTION_201205031009A	0.902183079099	0.0639157396429	71.616502711	0.930849060868
CMTSOLUTION_201205031520A	1.81642579617	0.133018570235	156.198795836	0.728643555171
CMTSOLUTION_201205070440A	1.38090489743	0.151594701085	799.096340913	0.700124613836
CMTSOLUTION_201205071415A	NOT FOUND	NOT FOUND	186.555681251	0.444320707963
CMTSOLUTION_201205141000A	0.72577765425	0.107970780769	28.8921995637	0.96756783659
CMTSOLUTION_201205180200A	0.652851524504	0.0208667490697	532.982010247	0.97907360028
CMTSOLUTION_201205200719A	1.01505109277	0.0790130656684	1524.69323095	0.880665245736
CMTSOLUTION_201205220000A	1.15379810019	0.0137784847843	1466.47911851	0.976403728075
CMTSOLUTION_201205231502A	0.928181368799	0.073023681344	170.294518432	0.95540822933
CMTSOLUTION_201205242247A	0.628422223017	0.0525763213334	2071.75037221	0.918563308287
CMTSOLUTION_201205262148A	1.00197238291	0.0427405884485	44.6635481157	0.989474763231
CMTSOLUTION_201205280507A	1.55682385228	0.0814266556086	483.269151657	-0.792846746701
CMTSOLUTION_201206020752A	NOT FOUND	NOT FOUND	25.530580034	0.55165127008
CMTSOLUTION_201206040045A	0.759018310593	0.0681269296141	202.060108748	0.928406079215
CMTSOLUTION_201206040315A	0.67453988435	0.0212701485985	27.0497618976	0.807752145313
CMTSOLUTION_201206051931A	0.794975536542	0.0227035430885	760.230758227	0.950370100517
CMTSOLUTION_201206070405A	0.712855773589	0.0569827730307	260.102530789	0.91428204309
CMTSOLUTION_201206071603A	0.767240942089	0.0339418957896	25.6913961157	0.875952614943
CMTSOLUTION_201206072054A	NOT FOUND	NOT FOUND	95.6819684334	0.568794804369
CMTSOLUTION_201206101244A	0.662126828778	0.0471710991144	1595.16747649	0.72804929131
CMTSOLUTION_201206140552A	1.21344899463	0.0940618041685	99.2512944869	0.922713426181
CMTSOLUTION_201206172032A	0.98347134283	0.147845821223	387.856750295	0.786101709001
CMTSOLUTION_201206191556A	0.890903967743	0.0569652473733	271.462425422	0.724524265033
CMTSOLUTION_201206230434A	NOT FOUND	NOT FOUND	199.644683716	-0.418822986658
CMTSOLUTION_201206240315A	1.75143966333	0.0542551657876	603.788343762	0.849185206606
CMTSOLUTION_201206251305A	1.35318607702	0.0434536730272	28.7112561856	0.951699761122
CMTSOLUTION_201206292107A	NOT FOUND	NOT FOUND	2670.55718347	0.594351499466
CMTSOLUTION_201207081133A	1.13233652426	0.0649012321704	355.653529465	0.787527656334
CMTSOLUTION_201207091355A	0.959976640431	0.0953555709174	159.18020397	0.924422788047
CMTSOLUTION_201207200610A	1.54316547202	0.534937964014	295.069077679	0.876019964098
CMTSOLUTION_201207250027A	1.33465577147	0.0977387352672	197.168704867	0.895321501787
CMTSOLUTION_201207251120A	0.989497506513	0.0504050554841	331.2050937	0.7212849111
CMTSOLUTION_201207260533A	1.58041143567	0.184263425328	304.153019215	0.776379614657
CMTSOLUTION_201207282004A	0.863134962462	0.0406066431013	232.326845548	0.808738061955
CMTSOLUTION_201208020938A	NOT FOUND	NOT FOUND	49.0946533018	0.590393145048
CMTSOLUTION_201208020956A	NOT FOUND	NOT FOUND	48.0633494883	-0.494834361757
CMTSOLUTION_201208101837A	0.931845293726	0.0830996323897	2069.24298433	0.973348529865
CMTSOLUTION_201208111223A	2.11206919441	0.266932565649	6158.80025095	0.856001791174
CMTSOLUTION_201208111234A	2.36045647598	0.0246767780434	6696.18330354	0.83468783869
CMTSOLUTION_201208121047A	NOT FOUND	NOT FOUND	856.643933384	0.53395387727
CMTSOLUTION_201208140259A	NOT FOUND	NOT FOUND	7599.22439656	-0.59528452483
CMTSOLUTION_201208151749A	1.65763338864	0.0541202330785	30.208263845	0.804471622607
CMTSOLUTION_201208180941A	0.839714242255	0.0625283613123	148.15206819	0.633776034774
CMTSOLUTION_201208192241A	0.782163430477	0.0507175495405	58.4937833776	0.7761903566
CMTSOLUTION_201208261505A	NOT FOUND	NOT FOUND	291.188646822	-0.590206808311
CMTSOLUTION_201208270437A	0.757570517229	0.0208688712362	5819.69026537	0.889551485293
CMTSOLUTION_201208301343A	1.10488346841	0.0651860331075	5283.8572042	0.951105291242
CMTSOLUTION_201208311247A	0.87617780315	0.0603036666611	3460.31841152	0.893087581379
CMTSOLUTION_201209031823A	1.51136574632	0.148070872651	166.900515145	0.720909520922
CMTSOLUTION_201209051442A	0.834772255926	0.189865051614	4714.63988792	0.81687328009
CMTSOLUTION_201209081051A	0.852086249604	0.166723012357	94.7659071335	0.888836065001
CMTSOLUTION_201209120327A	1.27823467582	0.164051721846	73.8556481515	0.842213702982
CMTSOLUTION_201209140451A	1.6199678219	0.02851613161	79.2689070055	0.854701012483
CMTSOLUTION_201209190917A	0.790198422858	0.0623562914044	23.4058458708	0.867875642675
CMTSOLUTION_201209220352A	0.89146894769	0.0139244152988	100.209118103	0.960835349162
CMTSOLUTION_201209252345A	0.97436114181	0.0395546506699	1007.20515826	0.949901418927
CMTSOLUTION_201209262339A	0.521534872113	0.0637556947262	791.781607317	0.926857124125
CMTSOLUTION_201209301631A	0.700475969779	0.0275508299594	1523.86286594	0.605058915522
CMTSOLUTION_201210012221A	0.910034827491	0.0871855895636	437.890246822	0.651989915382
CMTSOLUTION_201210080626A	0.867775812134	0.0482039145668	923.609505117	0.975523613378
CMTSOLUTION_201210081143A	0.547517374169	0.00926052214075	111.113446214	0.936937621975
CMTSOLUTION_201210120031A	1.96939891461	0.0955993764622	341.090829632	0.839351907079
CMTSOLUTION_201210141013A	1.26084987924	0.154442178078	146.667526931	0.913767136651
CMTSOLUTION_201210170442A	1.36305838443	0.138027845032	16.131278104	0.697396406922
CMTSOLUTION_201210240045A	0.944181342291	0.188721298877	966.207318802	0.945857901366
CMTSOLUTION_201210252305A	1.35469255835	0.0966021969618	131.829967757	0.901599281217
CMTSOLUTION_201210280304A	0.624056721006	0.0660973780627	9370.78978022	0.931764441351
CMTSOLUTION_201210281854A	0.785047762768	0.0421098524519	2175.5565158	0.923859561878
CMTSOLUTION_201210300249A	0.740655230341	0.0281888534305	2976.74350078	0.989818028211
CMTSOLUTION_201211021817A	1.02554854121	0.0939620546928	22.8825639775	0.631085524503
CMTSOLUTION_201211070626A	1.67672858224	0.18798053008	46.9193732638	0.71261873105
CMTSOLUTION_201211071635A	0.68318737476	0.0381686970805	2200.07346567	0.821225150643
CMTSOLUTION_201211080201A	0.951360270667	0.0136084053129	271.544835652	0.811427546399
CMTSOLUTION_201211101457A	0.525386150656	0.0492888590016	8.59449239575	0.893363273813
CMTSOLUTION_201211110112A	0.984951245359	0.278800134261	367.375623013	0.914177686724
CMTSOLUTION_201211112215A	0.786737918684	0.22341700847	158.52900219	0.705418324016
CMTSOLUTION_201211122042A	1.19891044667	0.0562686495845	429.232636819	0.905388207893
CMTSOLUTION_201211130431A	0.662556321161	0.0990272338733	124.084525553	0.791551057338
CMTSOLUTION_201211141902A	0.742299290743	0.0254232313068	51.1777201773	0.857599071918
CMTSOLUTION_201211150920A	NOT FOUND	NOT FOUND	31.2163507915	-0.535694451341
CMTSOLUTION_201211161812A	1.14290387009	0.0958907777842	178.066218648	0.964259696585
CMTSOLUTION_201211190944A	0.898633419787	0.0669138857493	61.2081830087	0.979077238636
CMTSOLUTION_201212070818A	1.62293781113	0.0548508126452	4240.76190868	0.960356837968
CMTSOLUTION_201212070818B	1.61411847694	0.056035671168	4228.05966701	0.960228172963
CMTSOLUTION_201212070831A	1.63769418779	0.0515128588747	4410.81532675	0.953309118704
CMTSOLUTION_201212101653A	0.558646281767	0.0452258038195	550.728979091	-0.762333130361
CMTSOLUTION_201212110618A	0.887499632851	0.10391596547	23.5504320965	0.796694291388
CMTSOLUTION_201212141036A	0.826945597498	0.00529934326223	639.690450631	0.945053543311
CMTSOLUTION_201212150449A	0.928092297619	0.0903436948626	36.1299942837	0.947972633783
CMTSOLUTION_201212151930A	0.582296982621	0.054446240324	12.8785306955	0.854045953313
CMTSOLUTION_201212231331A	1.08787020072	0.0563382978353	286.774132906	0.789444204708
CMTSOLUTION_201301050858A	0.756383765064	0.0549717022817	17138.1765315	0.808548239032
CMTSOLUTION_201301081416A	0.511501126686	0.0823026550708	508.261913838	0.792981237886
CMTSOLUTION_201301202332A	0.953623649911	0.096033426839	193.919868273	0.971457344718
CMTSOLUTION_201301281638A	0.861039042045	0.0454006728804	217.566041696	0.743359330723
CMTSOLUTION_201301302015A	0.754512564949	0.0351390099226	298.33309548	0.956895709104
CMTSOLUTION_201301302303A	0.59890372751	0.0678175485473	6.8391776362	0.784946443471
CMTSOLUTION_201301310333A	0.935762126667	0.0164329187744	28.8472128247	0.981779140652
CMTSOLUTION_201302010536A	0.527268925891	0.0390487708468	17.8288535569	-0.80833599228
CMTSOLUTION_201302012216A	0.510278749083	0.0615147763325	125.833251726	-0.849125695511
CMTSOLUTION_201302012218A	0.498491748811	0.0600583125366	122.83627171	-0.797460167201
CMTSOLUTION_201302021417A	0.909871494197	0.219614646217	205.350623159	0.609720816501
CMTSOLUTION_201302060007A	1.1926770797	0.0970423198225	355.873816376	0.765839382412
CMTSOLUTION_201302060112A	0.739263252669	0.047630921887	286.257383614	-0.845258701039
CMTSOLUTION_201302060123A	0.725824380707	0.0342201891694	266.046681161	-0.88970125174
CMTSOLUTION_201302060154A	0.75701527143	0.0804363609905	141.970496811	-0.796718780124
CMTSOLUTION_201302060635A	0.705778327914	0.116005793665	6.73985515974	0.898804342846
CMTSOLUTION_201302061153A	NOT FOUND	NOT FOUND	16.8993475738	0.571814033918
CMTSOLUTION_201302160437A	0.748442749864	0.0888361219999	31.9607791037	0.757606461903
CMTSOLUTION_201302170542A	0.70902942539	0.104262537464	84.5011183947	0.878944332591
CMTSOLUTION_201302221201A	0.590527106706	0.0633999761755	25.3661274245	0.834992232124
CMTSOLUTION_201303011253A	1.14571973771	0.0326238823898	487.005178334	0.976946322415
CMTSOLUTION_201303011320A	1.14241231279	0.0211084288746	504.49098598	0.897061152768
CMTSOLUTION_201303102251A	0.758733126756	0.0192830578003	205.463006825	0.937616379504
CMTSOLUTION_201303190329A	0.823985334933	0.0550977644544	74.0961329118	0.909271720461
CMTSOLUTION_201303202228A	0.723801005458	0.00715361494805	446.574476123	0.893117716597
CMTSOLUTION_201303240418A	0.879982316834	0.0551799330936	133.584891154	0.862949668866
CMTSOLUTION_201303252302A	0.838320858946	0.154857358467	66.9271438836	0.908101197475
CMTSOLUTION_201304011853A	0.982674280185	0.0465051939462	529.988403381	0.669644704152
CMTSOLUTION_201304051300A	0.987842974769	0.0864304032483	101.818446022	0.929121985118
CMTSOLUTION_201304060442A	0.664712310559	0.0376803874583	1052.30546951	0.812023565167
CMTSOLUTION_201304061126A	1.23201276296	0.125032924504	88.8449519132	0.833039292736
CMTSOLUTION_201304091152A	1.20212608803	0.260005761442	1073.65916403	0.824064086158
CMTSOLUTION_201304140132A	0.804546377843	0.0193931788195	177.9718569	0.825289969549
CMTSOLUTION_201304161044A	3.49709646403	0.149834306544	4485.93724549	-0.908357982135
CMTSOLUTION_201304162255A	0.925836386202	0.077997980592	323.750950055	0.758338196771
CMTSOLUTION_201304190305A	0.736660864838	0.0193576030513	856.950199865	0.943726949371
CMTSOLUTION_201304191958A	2.52801351891	0.127912673044	313.637610243	0.912957755318
CMTSOLUTION_201304200002A	0.612383915058	0.021659053455	1934.09394457	0.861990333865
CMTSOLUTION_201304201312A	1.29910720521	0.0940557197311	510.305095179	0.779723441404
CMTSOLUTION_201304210322A	0.590875635664	0.00914834757893	72.5449086499	0.966207150835
CMTSOLUTION_201304220116A	0.703591016022	0.0380550352704	64.9122000653	0.978058265504
CMTSOLUTION_201304232314A	1.0373348453	0.0284298729016	37.2007266567	-0.93279891045
CMTSOLUTION_201304300625A	0.88017912679	0.0522299551965	318.198237911	0.817480630332
CMTSOLUTION_201305110208A	0.93078037917	0.069404649726	1055.44168738	0.94974548233
CMTSOLUTION_201305140032A	0.860260344817	0.0759030029976	67.5700153027	0.941112266584
CMTSOLUTION_201305180548A	1.56012855198	0.0188708344344	25.6438565496	0.771589145276
CMTSOLUTION_201305190907A	0.938148011063	0.0202761297785	799.970965751	0.786185696486
CMTSOLUTION_201305200949A	0.635663156263	0.044835192242	293.500595033	0.989368126642
CMTSOLUTION_201305210155A	0.602344774994	0.0197593063515	257.459149682	0.884113026878
CMTSOLUTION_201305210543A	1.24809034704	0.0969403519495	46.8560203893	0.675866216225
CMTSOLUTION_201305241456A	NOT FOUND	NOT FOUND	369.09799824	0.264757090618
CMTSOLUTION_201305280009A	1.125173509	0.0286383218257	26.3167661957	0.844121251074
CMTSOLUTION_201306020543A	0.715786414498	0.0622315368062	1875.88109018	0.925648026709
CMTSOLUTION_201306050447A	0.972876376492	0.0271782140027	28.2666099748	0.828552905118
CMTSOLUTION_201306061153A	NOT FOUND	NOT FOUND	26.0247148964	0.532354868472
CMTSOLUTION_201306131647A	0.783818133043	0.0454697998622	267.94801718	-0.863425010011
CMTSOLUTION_201306151611A	0.863943860648	0.0562474418555	2494.20791468	0.829794060224
CMTSOLUTION_201306151734A	0.838946063083	0.0336389640322	41.2294882657	0.750532094788
CMTSOLUTION_201306162139A	0.891993379581	0.048081764684	1044.71577021	0.814911300116
CMTSOLUTION_201306242204A	0.57230016498	0.0227492578219	857.018933408	0.923977199823
CMTSOLUTION_201307020737A	1.18520929162	0.0731524255698	125.983767169	0.901410661102
CMTSOLUTION_201307041716A	1.04285837486	0.252945946721	46.5167715084	-0.7932038672
CMTSOLUTION_201307060505A	0.987514657112	0.0527348124571	284.001842577	0.751083326422
CMTSOLUTION_201307071835A	1.76084727897	0.27451114538	205.145076214	0.750194606517
CMTSOLUTION_201307072030A	1.03102843361	0.105214063038	5.4834613672	0.973160108296
CMTSOLUTION_201307081530A	1.94233669395	0.152942124825	28.129161545	-0.682121871781
CMTSOLUTION_201307151403A	0.951207740642	0.123186819855	7164.96901172	0.878154966027
CMTSOLUTION_201307170237A	4.853499356	0.438580129344	958.164179108	0.83386964868
CMTSOLUTION_201307212345A	0.954181977736	0.00748732183977	1517.95370673	0.906594334719
CMTSOLUTION_201307220701A	1.09373781994	0.00993425464104	802.618088864	0.818916614047
CMTSOLUTION_201308070906A	0.745197763528	0.0521786694529	550.435320449	0.886986379124
CMTSOLUTION_201308120053A	0.796431211245	0.0904602282778	24.966998291	0.808028166111
CMTSOLUTION_201308120949A	1.13259531254	0.34276590688	97.3547935908	-0.755668308166
CMTSOLUTION_201308131543A	0.765304751898	0.0370255825632	390.553879551	0.970008581652
CMTSOLUTION_201308171632A	0.964311298903	0.142008706961	292.266634218	0.922343506285
CMTSOLUTION_201308211238A	0.676796545946	0.0467355025632	289.608677344	0.891887353651
CMTSOLUTION_201308301625B	0.924214923788	0.136825878617	1881.22209706	0.797634176077
CMTSOLUTION_201308310638A	1.09883335723	0.161473825053	159.533504333	0.645303469068
CMTSOLUTION_201309011152A	0.760915667054	0.0859634067215	74.5994131025	-0.893329254088
CMTSOLUTION_201309032019A	0.782142193876	0.0325341417326	1019.72188402	0.981005257289
CMTSOLUTION_201309040018A	0.702398357606	0.0715621218799	180.409009529	0.689030432728
CMTSOLUTION_201309040023A	0.52591203354	0.0346428459299	165.933016655	0.934457323609
CMTSOLUTION_201309040232A	1.04499505254	0.0231143240544	98.4438937096	0.823746450187
CMTSOLUTION_201309040627A	1.17635529005	0.0564578127923	18.2806561703	0.798751644623
CMTSOLUTION_201309050401A	0.862714802726	0.0530801268091	437.405443663	0.91624480022
CMTSOLUTION_201309061133A	1.10312536315	0.134329600611	46.2599041472	0.852958645706
CMTSOLUTION_201309070013A	0.720871982352	0.0266741021951	230.880576162	0.962982212437
CMTSOLUTION_201309111244A	0.642748594599	0.0494961567957	92.7400613298	0.969580909247
CMTSOLUTION_201309151621A	1.0915596335	0.0310990500026	160.998670002	0.931515038271
CMTSOLUTION_201309161501A	1.18477357719	0.105079028058	28.0960309768	0.943489280089
CMTSOLUTION_201309170409A	1.36040924196	0.0326863032461	33.2981617863	0.976003313432
CMTSOLUTION_201309210139A	NOT FOUND	NOT FOUND	12.2819013251	0.422356759448
CMTSOLUTION_201309241129A	1.04693915876	0.0659888372381	22130.8520053	0.709081938699
CMTSOLUTION_201309251642A	0.801046404262	0.0283363130056	3015.89842672	0.937605670277
CMTSOLUTION_201309260118A	0.932461354125	0.00783543569096	217.914715574	0.961816287807
CMTSOLUTION_201309280734A	0.771480162232	0.0358622280089	8526.76665617	0.953581580873
CMTSOLUTION_201309300816A	0.88961138549	0.0146956190271	10.8029559425	0.940807309444
CMTSOLUTION_201310010338A	NOT FOUND	NOT FOUND	542.409712103	0.522028177823
CMTSOLUTION_201310011941A	0.804122098787	0.0924208625004	331.756583551	0.985165081222
CMTSOLUTION_201310041726A	0.697266466206	0.0964031681053	281.987845756	0.900657410029
CMTSOLUTION_201310060137A	1.12315467656	0.0468742210276	96.509483706	0.943219392489
CMTSOLUTION_201310061638A	0.663730093819	0.0260556329657	26.2259728122	0.88189365278
CMTSOLUTION_201310062133A	0.738362862044	0.0374525334025	33.4178299406	0.761595250042
CMTSOLUTION_201310120210A	0.789419766169	0.0793000415419	57.4607393682	0.960796884355
CMTSOLUTION_201310121311A	0.988778578494	0.0633922410571	3664.58365113	0.792005063319
CMTSOLUTION_201310150012A	NOT FOUND	NOT FOUND	2060.51099562	0.497933355181
CMTSOLUTION_201310161031A	1.14860061249	0.157117364988	123.501279843	0.763279897248
CMTSOLUTION_201310191754A	0.689515528335	0.0504355012829	2889.93608188	0.628210002302
CMTSOLUTION_201310241925A	0.824344739348	0.0210432283569	38.9369451957	0.972227444703
CMTSOLUTION_201310251710A	1.01692598329	0.0517247566221	5341.21713965	0.846696145358
CMTSOLUTION_201310300251A	1.1373160915	0.157480221976	333.598486588	0.938243485996
CMTSOLUTION_201310311202A	0.730865518942	0.0423407704713	615.637130837	0.953390095159
CMTSOLUTION_201310312303A	0.637259577873	0.00789687648648	145.478964236	0.773774784929
CMTSOLUTION_201311031103A	0.941493140738	0.0206327480821	38.9919937619	0.912441328459
CMTSOLUTION_201311120703A	0.908646275763	0.0320216538336	84.4963903782	0.889502850119
CMTSOLUTION_201311132345A	0.778024949886	0.0237114177712	23.4946964562	0.996261156206
CMTSOLUTION_201311160334A	0.769955270808	0.0144779580307	181.095033569	0.962576308308
CMTSOLUTION_201311170904A	1.00430858095	0.056476377883	5790.07619325	0.974514935873
CMTSOLUTION_201311191332A	1.108132389	0.0703845954376	40.5271064774	0.855577873423
CMTSOLUTION_201311220651A	0.991745405248	0.0606242722534	164.186092543	0.90182705834
CMTSOLUTION_201311221830A	1.09295630945	0.201873977568	131.331889319	0.78347914432
CMTSOLUTION_201311241805A	1.04696352401	0.117764941962	39.4941796052	0.958709626078
CMTSOLUTION_201311250627B	0.66207420924	0.0398028015821	355.633899375	0.949845250648
CMTSOLUTION_201312010124A	NOT FOUND	NOT FOUND	182.758664953	0.588352878844
CMTSOLUTION_201312010629A	1.07637668674	0.142057519364	34.7059032378	0.904288862313
CMTSOLUTION_201312172338A	0.713905190533	0.0470612130174	154.704283364	0.97376866994
CMTSOLUTION_201312281521A	NOT FOUND	NOT FOUND	171.778893357	-0.480413190343
CMTSOLUTION_201401130401A	0.641453014617	0.0622780860893	107.941831613	0.776544690801
CMTSOLUTION_201401250514A	NOT FOUND	NOT FOUND	10.984804018	0.597771769715
CMTSOLUTION_201401261355A	1.55904630957	0.173511958253	640.530022942	0.87477560685
CMTSOLUTION_201401261845A	3.23834279558	0.445518687489	45.4487880671	0.869823504579
CMTSOLUTION_201401282222A	0.976877797218	0.100500020166	44.4599149514	0.944699653663
CMTSOLUTION_201402010358A	2.07739861248	0.42987000176	8.46779174811	0.908706188092
CMTSOLUTION_201402030308A	1.45402619625	0.0841889584676	1243.47286569	0.868772966754
CMTSOLUTION_201402101206A	0.88903795744	0.141771144716	6.11384408391	0.88747052625
CMTSOLUTION_201402120919A	0.878630467954	0.188171577522	1074.70552461	0.838499160784
CMTSOLUTION_201402180927A	0.551812841513	0.0521305947262	158.502578801	0.920708620401
CMTSOLUTION_201402262113B	NOT FOUND	NOT FOUND	14.3308995429	0.52461151488
CMTSOLUTION_201403020937A	0.692610875004	0.0420853471534	79.7254457343	0.938231539741
CMTSOLUTION_201403022011A	0.829833442532	0.0126555461298	351.108809303	0.922279166975
